Time	AI	AV	RESISTANCE	ILRS	IHRS	RATIO_POSITIVE	IPOS	VRESET	IRESET	NORM_COND
198.8988E-3	-626.1089E-9	000.0000E+0	000.0000E+0	107.9957E-6	643.2122E-8	167.9006E-1	700.0000E-1	690.0000E-3	439.3461E-6	#REF
228.5468E-3	257.9628E-8	100.0000E-4	387.6528E+1							332.7720E-2
430.4880E-3	103.5721E-7	200.0000E-4	193.1022E+1							668.0400E-2
459.4021E-3	146.9585E-7	300.0000E-4	204.1392E+1							631.9216E-2
488.4230E-3	198.6528E-7	400.0000E-4	201.3563E+1							640.6553E-2
517.4553E-3	251.1951E-7	500.0000E-4	199.0485E+1							648.0833E-2
546.4533E-3	304.6616E-7	600.0000E-4	196.9398E+1							655.0225E-2
575.4589E-3	358.6024E-7	700.0000E-4	195.2023E+1							660.8529E-2
604.4722E-3	412.1718E-7	800.0000E-4	194.0938E+1							664.6270E-2
633.4940E-3	465.8555E-7	900.0000E-4	193.1930E+1							667.7262E-2
815.6819E-3	524.0840E-7	100.0000E-3	190.8091E+1							676.0684E-2
844.6275E-3	578.0318E-7	110.0000E-3	190.3009E+1							677.8737E-2
873.6503E-3	632.3305E-7	120.0000E-3	189.7742E+1							679.7553E-2
902.6778E-3	687.0414E-7	130.0000E-3	189.2171E+1							681.7565E-2
931.6929E-3	742.1242E-7	140.0000E-3	188.6477E+1							683.8145E-2
960.7043E-3	797.6733E-7	150.0000E-3	188.0469E+1							685.9990E-2
989.7404E-3	853.6034E-7	160.0000E-3	187.4407E+1							688.2178E-2
101.8746E-2	909.2568E-7	170.0000E-3	186.9659E+1							689.9654E-2
104.7771E-2	965.9379E-7	180.0000E-3	186.3474E+1							692.2555E-2
107.6776E-2	102.2622E-6	190.0000E-3	185.7969E+1							694.3065E-2
110.5776E-2	107.9957E-6	200.0000E-3	185.1926E+1							696.5723E-2
113.4795E-2	113.7719E-6	210.0000E-3	184.5799E+1							698.8845E-2
116.3812E-2	119.5922E-6	220.0000E-3	183.9585E+1							701.2450E-2
119.2835E-2	125.4748E-6	230.0000E-3	183.3037E+1							703.7500E-2
122.1863E-2	131.3427E-6	240.0000E-3	182.7281E+1							705.9671E-2
125.0860E-2	137.3240E-6	250.0000E-3	182.0512E+1							708.5919E-2
127.9885E-2	143.2945E-6	260.0000E-3	181.4445E+1							710.9613E-2
130.8905E-2	149.4933E-6	270.0000E-3	180.6101E+1							714.2459E-2
133.7915E-2	155.5889E-6	280.0000E-3	179.9614E+1							716.8202E-2
136.6937E-2	161.6266E-6	290.0000E-3	179.4259E+1							718.9599E-2
139.5964E-2	167.7111E-6	300.0000E-3	178.8790E+1							721.1578E-2
142.4974E-2	173.9309E-6	310.0000E-3	178.2317E+1							723.7771E-2
145.3991E-2	180.5727E-6	320.0000E-3	177.2139E+1							727.9339E-2
148.3001E-2	186.9443E-6	330.0000E-3	176.5232E+1							730.7821E-2
151.2037E-2	193.4887E-6	340.0000E-3	175.7209E+1							734.1189E-2
154.1038E-2	199.7433E-6	350.0000E-3	175.2249E+1							736.1968E-2
157.0035E-2	206.4538E-6	360.0000E-3	174.3732E+1							739.7927E-2
159.9034E-2	212.9100E-6	370.0000E-3	173.7823E+1							742.3079E-2
162.8066E-2	219.3292E-6	380.0000E-3	173.2556E+1							744.5649E-2
165.7075E-2	225.9709E-6	390.0000E-3	172.5886E+1							747.4421E-2
168.6102E-2	232.9687E-6	400.0000E-3	171.6969E+1							751.3239E-2
171.5100E-2	239.3439E-6	410.0000E-3	171.3016E+1							753.0576E-2
174.4102E-2	244.8675E-6	420.0000E-3	171.5213E+1							752.0930E-2
177.3118E-2	249.8770E-6	430.0000E-3	172.0847E+1							749.6309E-2
180.2155E-2	255.5778E-6	440.0000E-3	172.1589E+1							749.3077E-2
183.1171E-2	261.9844E-6	450.0000E-3	171.7660E+1							751.0219E-2
186.0202E-2	270.9368E-6	460.0000E-3	169.7813E+1							759.8011E-2
188.9214E-2	278.9066E-6	470.0000E-3	168.5152E+1							765.5095E-2
191.8240E-2	284.8010E-6	480.0000E-3	168.5387E+1							765.4028E-2
194.7260E-2	292.5370E-6	490.0000E-3	167.5002E+1							770.1485E-2
197.6263E-2	299.9297E-6	500.0000E-3	166.7057E+1							773.8187E-2
200.5273E-2	310.8139E-6	510.0000E-3	164.0853E+1							786.1765E-2
203.4273E-2	321.7105E-6	520.0000E-3	161.6360E+1							798.0895E-2
206.3283E-2	330.5151E-6	530.0000E-3	160.3557E+1							804.4614E-2
209.2304E-2	333.9698E-6	540.0000E-3	161.6913E+1							797.8168E-2
212.1319E-2	342.7648E-6	550.0000E-3	160.4599E+1							803.9393E-2
215.0362E-2	346.0407E-6	560.0000E-3	161.8307E+1							797.1294E-2
217.9367E-2	348.4176E-6	570.0000E-3	163.5968E+1							788.5239E-2
220.8383E-2	351.2064E-6	580.0000E-3	165.1451E+1							781.1314E-2
223.7387E-2	359.4338E-6	590.0000E-3	164.1470E+1							785.8808E-2
226.6392E-2	364.4676E-6	600.0000E-3	164.6237E+1							783.6053E-2
229.5406E-2	371.1377E-6	610.0000E-3	164.3595E+1							784.8650E-2
232.4420E-2	370.6790E-6	620.0000E-3	167.2606E+1							771.2515E-2
235.3414E-2	373.9327E-6	630.0000E-3	168.4795E+1							765.6717E-2
238.2425E-2	381.5916E-6	640.0000E-3	167.7186E+1							769.1457E-2
241.1447E-2	389.6451E-6	650.0000E-3	166.8185E+1							773.2956E-2
244.0476E-2	403.0305E-6	660.0000E-3	163.7593E+1							787.7415E-2
246.9531E-2	416.7756E-6	670.0000E-3	160.7580E+1							802.4485E-2
249.8535E-2	430.4872E-6	680.0000E-3	157.9605E+1							816.6596E-2
252.7548E-2	439.3461E-6	690.0000E-3	157.0516E+1							821.3862E-2
255.6563E-2	407.3698E-6	700.0000E-3	171.8340E+1							750.7243E-2
258.5573E-2	301.5988E-6	710.0000E-3	235.4121E+1							547.9753E-2
261.4568E-2	266.1457E-6	720.0000E-3	270.5285E+1							476.8444E-2
264.3593E-2	250.6054E-6	730.0000E-3	291.2946E+1							442.8507E-2
267.2602E-2	248.4890E-6	740.0000E-3	297.7999E+1							433.1768E-2
270.1620E-2	245.5737E-6	750.0000E-3	305.4073E+1							422.3868E-2
273.0630E-2	254.0178E-6	760.0000E-3	299.1916E+1							431.1618E-2
275.9650E-2	234.1972E-6	770.0000E-3	328.7827E+1							392.3564E-2
278.8705E-2	238.7697E-6	780.0000E-3	326.6745E+1							394.8884E-2
281.7701E-2	246.2693E-6	790.0000E-3	320.7871E+1							402.1359E-2
284.6729E-2	255.9495E-6	800.0000E-3	312.5616E+1							412.7186E-2
287.5752E-2	273.5913E-6	810.0000E-3	296.0620E+1							435.7195E-2
290.4770E-2	289.1730E-6	820.0000E-3	283.5672E+1							454.9186E-2
293.3783E-2	315.6553E-6	830.0000E-3	262.9450E+1							490.5968E-2
296.2810E-2	424.4226E-6	840.0000E-3	197.9160E+1							651.7918E-2
314.4990E-2	185.2496E-6	850.0000E-3	458.8405E+1							281.1435E-2
332.7602E-2	175.1904E-6	860.0000E-3	490.8945E+1							262.7856E-2
335.6613E-2	173.7158E-6	870.0000E-3	500.8181E+1							257.5786E-2
338.5640E-2	173.8898E-6	880.0000E-3	506.0676E+1							254.9067E-2
341.4660E-2	178.9798E-6	890.0000E-3	497.2627E+1							259.4202E-2
344.3658E-2	188.6693E-6	900.0000E-3	477.0251E+1							270.4260E-2
347.2662E-2	196.5739E-6	910.0000E-3	462.9303E+1							278.6597E-2
350.1679E-2	202.0542E-6	920.0000E-3	455.3234E+1							283.3151E-2
353.0701E-2	200.1663E-6	930.0000E-3	464.6136E+1							277.6501E-2
355.9736E-2	190.8001E-6	940.0000E-3	492.6623E+1							261.8427E-2
358.8755E-2	184.7460E-6	950.0000E-3	514.2195E+1							250.8656E-2
361.7764E-2	185.8935E-6	960.0000E-3	516.4248E+1							249.7943E-2
364.6770E-2	212.9168E-6	970.0000E-3	455.5769E+1							283.1574E-2
367.5797E-2	217.2728E-6	980.0000E-3	451.0458E+1							286.0020E-2
370.4805E-2	218.8670E-6	990.0000E-3	452.3295E+1							285.1904E-2
373.3825E-2	217.5438E-6	100.0000E-2	459.6775E+1							280.6315E-2
376.2828E-2	222.4748E-6	101.0000E-2	453.9840E+1							284.1510E-2
379.1835E-2	227.4585E-6	102.0000E-2	448.4334E+1							287.6681E-2
382.0851E-2	211.5751E-6	103.0000E-2	486.8247E+1							264.9824E-2
384.9871E-2	229.3763E-6	104.0000E-2	453.4033E+1							284.5149E-2
387.8906E-2	218.2764E-6	105.0000E-2	481.0414E+1							268.1682E-2
390.7922E-2	216.3153E-6	106.0000E-2	490.0255E+1							263.2516E-2
393.6925E-2	207.7332E-6	107.0000E-2	515.0839E+1							250.4446E-2
396.5943E-2	220.7161E-6	108.0000E-2	489.3164E+1							263.6331E-2
399.4964E-2	225.5818E-6	109.0000E-2	483.1949E+1							266.9730E-2
402.3973E-2	226.3579E-6	110.0000E-2	485.9561E+1							265.4561E-2
405.3002E-2	231.9629E-6	111.0000E-2	478.5247E+1							269.5785E-2
408.2009E-2	227.0071E-6	112.0000E-2	493.3767E+1							261.4635E-2
411.1019E-2	200.9277E-6	113.0000E-2	562.3912E+1							229.3777E-2
414.0041E-2	147.5121E-6	114.0000E-2	772.8178E+1							166.9216E-2
416.9056E-2	122.0800E-6	115.0000E-2	942.0055E+1							136.9419E-2
419.8085E-2	129.0664E-6	116.0000E-2	898.7623E+1							143.5307E-2
422.7090E-2	139.5179E-6	117.0000E-2	838.6021E+1							153.8274E-2
425.6088E-2	142.8211E-6	118.0000E-2	826.2086E+1							156.1349E-2
428.5103E-2	145.8884E-6	119.0000E-2	815.6919E+1							158.1479E-2
431.4111E-2	150.9100E-6	120.0000E-2	795.1762E+1							162.2282E-2
434.3124E-2	154.4545E-6	121.0000E-2	783.4021E+1							164.6664E-2
437.2155E-2	154.7651E-6	122.0000E-2	788.2916E+1							163.6450E-2
440.1162E-2	162.5815E-6	123.0000E-2	756.5438E+1							170.5123E-2
443.0169E-2	160.2993E-6	124.0000E-2	773.5530E+1							166.7630E-2
445.9164E-2	153.5925E-6	125.0000E-2	813.8419E+1							158.5074E-2
448.8185E-2	154.0755E-6	126.0000E-2	817.7809E+1							157.7440E-2
451.7201E-2	156.8114E-6	127.0000E-2	809.8900E+1							159.2809E-2
454.6205E-2	155.7827E-6	128.0000E-2	821.6575E+1							156.9997E-2
457.5230E-2	163.4894E-6	129.0000E-2	789.0418E+1							163.4894E-2
460.4263E-2	159.7056E-6	130.0000E-2	813.9978E+1							158.4771E-2
463.3272E-2	168.5685E-6	131.0000E-2	777.1323E+1							165.9949E-2
466.2295E-2	159.5194E-6	132.0000E-2	827.4855E+1							155.8940E-2
469.1320E-2	155.0189E-6	133.0000E-2	857.9601E+1							150.3566E-2
472.0334E-2	162.6372E-6	134.0000E-2	823.9196E+1							156.5687E-2
474.9339E-2	174.6666E-6	135.0000E-2	772.9012E+1							166.9036E-2
477.8348E-2	158.8902E-6	136.0000E-2	855.9370E+1							150.7120E-2
480.7364E-2	152.8347E-6	137.0000E-2	896.3930E+1							143.9101E-2
483.6387E-2	164.1276E-6	138.0000E-2	840.8090E+1							153.4237E-2
486.5417E-2	165.7015E-6	139.0000E-2	838.8579E+1							153.7805E-2
489.4433E-2	156.4914E-6	140.0000E-2	894.6176E+1							144.1957E-2
492.3442E-2	167.7047E-6	141.0000E-2	840.7633E+1							153.4320E-2
495.2467E-2	177.5138E-6	142.0000E-2	799.9379E+1							161.2625E-2
498.1485E-2	191.4544E-6	143.0000E-2	746.9142E+1							172.7106E-2
501.0509E-2	197.9185E-6	144.0000E-2	727.5721E+1							177.3020E-2
503.9517E-2	194.7595E-6	145.0000E-2	744.5079E+1							173.2688E-2
506.8543E-2	197.7761E-6	146.0000E-2	738.2087E+1							174.7473E-2
509.7556E-2	202.3627E-6	147.0000E-2	726.4184E+1							177.5836E-2
512.6585E-2	194.8230E-6	148.0000E-2	759.6640E+1							169.8119E-2
515.5603E-2	194.7202E-6	149.0000E-2	765.2005E+1							168.5833E-2
518.4609E-2	202.1136E-6	150.0000E-2	742.1569E+1							173.8177E-2
521.3605E-2	213.6335E-6	151.0000E-2	706.8181E+1							182.5081E-2
524.2618E-2	209.1301E-6	152.0000E-2	726.8203E+1							177.4854E-2
527.1638E-2	231.3151E-6	153.0000E-2	661.4353E+1							195.0304E-2
530.0651E-2	224.0230E-6	154.0000E-2	687.4293E+1							187.6557E-2
532.9674E-2	240.4413E-6	155.0000E-2	644.6481E+1							200.1092E-2
535.8674E-2	229.5357E-6	156.0000E-2	679.6329E+1							189.8083E-2
538.7688E-2	231.2688E-6	157.0000E-2	678.8637E+1							190.0234E-2
541.6686E-2	230.9971E-6	158.0000E-2	683.9912E+1							188.5989E-2
544.5696E-2	223.6535E-6	159.0000E-2	710.9211E+1							181.4547E-2
547.4707E-2	220.5235E-6	160.0000E-2	725.5462E+1							177.7971E-2
550.3729E-2	214.2503E-6	161.0000E-2	751.4575E+1							171.6664E-2
553.2732E-2	221.2674E-6	162.0000E-2	732.1460E+1							176.1944E-2
556.1754E-2	219.6647E-6	163.0000E-2	742.0401E+1							173.8450E-2
559.0759E-2	218.8609E-6	164.0000E-2	749.3343E+1							172.1528E-2
561.9794E-2	209.8832E-6	165.0000E-2	786.1513E+1							164.0905E-2
564.8815E-2	208.8401E-6	166.0000E-2	794.8665E+1							162.2914E-2
567.7822E-2	208.2529E-6	167.0000E-2	801.9097E+1							160.8660E-2
570.6817E-2	200.7886E-6	168.0000E-2	836.7010E+1							154.1769E-2
573.5826E-2	204.2307E-6	169.0000E-2	827.4956E+1							155.8921E-2
576.4846E-2	188.7292E-6	170.0000E-2	900.7616E+1							143.2121E-2
579.3874E-2	187.1506E-6	171.0000E-2	913.7025E+1							141.1838E-2
582.2889E-2	199.0753E-6	172.0000E-2	863.9945E+1							149.3065E-2
585.1909E-2	193.7714E-6	173.0000E-2	892.8044E+1							144.4885E-2
588.0928E-2	195.9756E-6	174.0000E-2	887.8656E+1							145.2923E-2
590.9945E-2	204.1644E-6	175.0000E-2	857.1525E+1							150.4983E-2
593.8964E-2	197.6063E-6	176.0000E-2	890.6600E+1							144.8364E-2
596.7983E-2	200.4355E-6	177.0000E-2	883.0772E+1							146.0801E-2
599.6996E-2	213.0057E-6	178.0000E-2	835.6583E+1							154.3693E-2
602.6006E-2	215.1178E-6	179.0000E-2	832.1023E+1							155.0290E-2
605.5018E-2	211.5940E-6	180.0000E-2	850.6856E+1							151.6424E-2
608.4044E-2	214.0710E-6	181.0000E-2	845.5137E+1							152.5700E-2
611.3090E-2	203.3852E-6	182.0000E-2	894.8539E+1							144.1576E-2
614.2105E-2	200.9928E-6	183.0000E-2	910.4803E+1							141.6835E-2
617.1125E-2	199.7058E-6	184.0000E-2	921.3552E+1							140.0111E-2
620.0152E-2	197.4013E-6	185.0000E-2	937.1774E+1							137.6474E-2
622.9174E-2	203.7198E-6	186.0000E-2	913.0188E+1							141.2895E-2
625.8191E-2	209.2045E-6	187.0000E-2	893.8622E+1							144.3176E-2
628.7214E-2	205.4421E-6	188.0000E-2	915.0995E+1							140.9683E-2
631.6242E-2	217.2195E-6	189.0000E-2	870.0877E+1							148.2609E-2
634.5250E-2	208.6129E-6	190.0000E-2	910.7779E+1							141.6372E-2
637.4269E-2	205.1308E-6	191.0000E-2	931.1132E+1							138.5438E-2
640.3296E-2	213.5673E-6	192.0000E-2	899.0142E+1							143.4905E-2
643.2301E-2	218.2530E-6	193.0000E-2	884.2948E+1							145.8790E-2
646.1308E-2	211.1358E-6	194.0000E-2	918.8400E+1							140.3944E-2
649.0303E-2	180.8627E-6	195.0000E-2	107.8166E+2							119.6476E-2
651.9316E-2	182.2380E-6	196.0000E-2	107.5517E+2							119.9424E-2
654.8341E-2	188.3168E-6	197.0000E-2	104.6110E+2							123.3140E-2
657.7340E-2	182.5074E-6	198.0000E-2	108.4888E+2							118.9063E-2
660.6356E-2	188.2442E-6	199.0000E-2	105.7138E+2							122.0276E-2
663.5370E-2	184.1174E-6	200.0000E-2	108.6264E+2							118.7557E-2
666.4376E-2	200.5795E-6	201.0000E-2	100.2097E+2							128.7301E-2
669.3393E-2	188.5913E-6	202.0000E-2	107.1099E+2							120.4370E-2
672.2410E-2	170.5264E-6	203.0000E-2	119.0431E+2							108.3641E-2
675.1432E-2	180.4991E-6	204.0000E-2	113.0199E+2							114.1391E-2
678.0447E-2	178.6887E-6	205.0000E-2	114.7246E+2							112.4432E-2
680.9445E-2	182.7960E-6	206.0000E-2	112.6939E+2							114.4694E-2
683.8466E-2	182.9368E-6	207.0000E-2	113.1538E+2							114.0041E-2
686.7485E-2	187.2575E-6	208.0000E-2	111.0770E+2							116.1357E-2
689.6482E-2	190.1482E-6	209.0000E-2	109.9143E+2							117.3642E-2
692.5488E-2	188.8289E-6	210.0000E-2	111.2118E+2							115.9949E-2
695.4494E-2	189.1226E-6	211.0000E-2	111.5678E+2							115.6247E-2
698.3515E-2	186.5729E-6	212.0000E-2	113.6285E+2							113.5279E-2
701.2514E-2	188.7092E-6	213.0000E-2	112.8721E+2							114.2887E-2
704.1533E-2	181.4674E-6	214.0000E-2	117.9275E+2							109.3892E-2
707.0582E-2	184.3893E-6	215.0000E-2	116.6012E+2							110.6336E-2
709.9600E-2	192.5356E-6	216.0000E-2	112.1870E+2							114.9865E-2
712.8605E-2	200.9046E-6	217.0000E-2	108.0115E+2							119.4317E-2
715.7622E-2	188.7344E-6	218.0000E-2	115.5062E+2							111.6823E-2
718.6635E-2	182.0103E-6	219.0000E-2	120.3229E+2							107.2115E-2
721.5645E-2	181.1916E-6	220.0000E-2	121.4184E+2							106.2442E-2
724.4664E-2	190.3272E-6	221.0000E-2	116.1158E+2							111.0960E-2
727.3671E-2	180.8233E-6	222.0000E-2	122.7718E+2							105.0730E-2
730.2684E-2	190.7651E-6	223.0000E-2	116.8977E+2							110.3529E-2
733.1693E-2	195.4652E-6	224.0000E-2	114.5984E+2							112.5670E-2
736.0712E-2	185.9788E-6	225.0000E-2	120.9815E+2							106.6279E-2
738.9743E-2	182.5841E-6	226.0000E-2	123.7786E+2							104.2183E-2
741.8745E-2	184.1505E-6	227.0000E-2	123.2687E+2							104.6494E-2
744.7761E-2	176.7596E-6	228.0000E-2	128.9887E+2							100.0087E-2
747.6770E-2	185.5476E-6	229.0000E-2	123.4185E+2							104.5224E-2
750.5803E-2	186.8509E-6	230.0000E-2	123.0928E+2							104.7990E-2
753.4802E-2	175.9368E-6	231.0000E-2	131.2971E+2							982.5044E-3
756.3823E-2	179.2437E-6	232.0000E-2	129.4327E+2							996.6568E-3
759.2833E-2	181.4974E-6	233.0000E-2	128.3765E+2							100.4857E-2
762.1852E-2	178.2837E-6	234.0000E-2	131.2515E+2							982.8463E-3
765.0860E-2	187.1293E-6	235.0000E-2	125.5816E+2							102.7220E-2
767.9873E-2	192.3154E-6	236.0000E-2	122.7151E+2							105.1216E-2
770.8910E-2	187.6501E-6	237.0000E-2	126.2989E+2							102.1387E-2
773.7931E-2	193.1932E-6	238.0000E-2	123.1927E+2							104.7140E-2
776.6935E-2	193.0768E-6	239.0000E-2	123.7849E+2							104.2130E-2
779.5963E-2	197.2370E-6	240.0000E-2	121.6810E+2							106.0149E-2
782.4989E-2	189.7682E-6	241.0000E-2	126.9970E+2							101.5772E-2
785.3978E-2	190.4143E-6	242.0000E-2	127.0913E+2							101.5018E-2
788.2996E-2	189.4401E-6	243.0000E-2	128.2727E+2							100.5670E-2
791.2006E-2	188.9252E-6	244.0000E-2	129.1516E+2							998.8260E-3
794.1012E-2	189.2598E-6	245.0000E-2	129.4517E+2							996.5107E-3
797.0020E-2	193.8703E-6	246.0000E-2	126.8889E+2							101.6637E-2
799.9036E-2	201.3444E-6	247.0000E-2	122.6754E+2							105.1556E-2
802.8073E-2	199.4378E-6	248.0000E-2	124.3495E+2							103.7398E-2
805.7083E-2	223.5582E-6	249.0000E-2	111.3804E+2							115.8193E-2
808.6099E-2	219.6623E-6	250.0000E-2	113.8110E+2							113.3458E-2
811.5117E-2	214.5788E-6	250.0000E-2	116.5073E+2							110.7227E-2
814.4136E-2	211.1851E-6	249.0000E-2	117.9060E+2							109.4092E-2
817.3146E-2	203.7969E-6	248.0000E-2	121.6898E+2							106.0072E-2
820.2169E-2	195.4964E-6	247.0000E-2	126.3450E+2							102.1014E-2
823.1175E-2	198.6036E-6	246.0000E-2	123.8648E+2							104.1458E-2
826.0199E-2	200.1079E-6	245.0000E-2	122.4340E+2							105.3629E-2
828.9211E-2	196.3362E-6	244.0000E-2	124.2766E+2							103.8007E-2
831.8214E-2	189.6062E-6	243.0000E-2	128.1603E+2							100.6552E-2
834.7244E-2	190.9913E-6	242.0000E-2	126.7074E+2							101.8094E-2
837.6265E-2	192.1633E-6	241.0000E-2	125.4142E+2							102.8592E-2
840.5275E-2	185.4911E-6	240.0000E-2	129.3862E+2							997.0148E-3
843.4293E-2	182.3382E-6	239.0000E-2	131.0751E+2							984.1684E-3
846.3302E-2	178.5657E-6	238.0000E-2	133.2843E+2							967.8559E-3
849.2306E-2	175.4732E-6	237.0000E-2	135.0634E+2							955.1072E-3
852.1324E-2	176.8849E-6	236.0000E-2	133.4201E+2							966.8712E-3
855.0336E-2	178.3868E-6	235.0000E-2	131.7362E+2							979.2297E-3
857.9334E-2	175.8354E-6	234.0000E-2	133.0790E+2							969.3493E-3
860.8346E-2	173.6457E-6	233.0000E-2	134.1813E+2							961.3860E-3
863.7383E-2	173.3942E-6	232.0000E-2	133.7992E+2							964.1314E-3
866.6414E-2	174.4445E-6	231.0000E-2	132.4203E+2							974.1708E-3
869.5423E-2	172.6296E-6	230.0000E-2	133.2332E+2							968.2268E-3
872.4432E-2	171.4681E-6	229.0000E-2	133.5526E+2							965.9118E-3
875.3448E-2	173.5093E-6	228.0000E-2	131.4050E+2							981.6975E-3
878.2476E-2	168.7384E-6	227.0000E-2	134.5277E+2							958.9100E-3
881.1495E-2	166.6745E-6	226.0000E-2	135.5936E+2							951.3724E-3
884.0514E-2	165.6947E-6	225.0000E-2	135.7919E+2							949.9829E-3
886.9522E-2	167.1966E-6	224.0000E-2	133.9740E+2							962.8732E-3
889.8520E-2	166.2756E-6	223.0000E-2	134.1147E+2							961.8634E-3
892.7540E-2	163.9003E-6	222.0000E-2	135.4482E+2							952.3939E-3
895.6573E-2	165.1967E-6	221.0000E-2	133.7799E+2							964.2704E-3
898.5597E-2	161.6285E-6	220.0000E-2	136.1146E+2							947.7307E-3
901.4615E-2	158.9528E-6	219.0000E-2	137.7768E+2							936.2971E-3
904.3610E-2	160.3894E-6	218.0000E-2	135.9192E+2							949.0931E-3
907.2623E-2	160.5464E-6	217.0000E-2	135.1634E+2							954.4002E-3
910.1640E-2	158.9909E-6	216.0000E-2	135.8568E+2							949.5291E-3
913.0644E-2	156.0844E-6	215.0000E-2	137.7460E+2							936.5061E-3
915.9671E-2	157.9420E-6	214.0000E-2	135.4928E+2							952.0803E-3
918.8674E-2	155.6968E-6	213.0000E-2	136.8044E+2							942.9522E-3
921.7702E-2	155.3958E-6	212.0000E-2	136.4258E+2							945.5690E-3
924.6725E-2	154.6880E-6	211.0000E-2	136.4036E+2							945.7228E-3
927.5744E-2	152.1492E-6	210.0000E-2	138.0224E+2							934.6311E-3
930.4766E-2	148.1124E-6	209.0000E-2	141.1091E+2							914.1866E-3
933.3786E-2	148.3215E-6	208.0000E-2	140.2359E+2							919.8788E-3
936.2783E-2	146.8217E-6	207.0000E-2	140.9873E+2							914.9758E-3
939.1808E-2	148.2113E-6	206.0000E-2	138.9908E+2							928.1191E-3
942.0855E-2	146.1614E-6	205.0000E-2	140.2559E+2							919.7473E-3
944.9876E-2	146.0388E-6	204.0000E-2	139.6889E+2							923.4806E-3
947.8887E-2	145.3118E-6	203.0000E-2	139.6996E+2							923.4097E-3
950.7891E-2	145.0634E-6	202.0000E-2	139.2494E+2							926.3951E-3
953.6892E-2	143.3837E-6	201.0000E-2	140.1833E+2							920.2239E-3
956.5904E-2	139.7754E-6	200.0000E-2	143.0867E+2							901.5514E-3
959.4914E-2	137.1796E-6	199.0000E-2	145.0653E+2							889.2548E-3
962.3927E-2	136.6022E-6	198.0000E-2	144.9464E+2							889.9842E-3
965.2939E-2	137.0027E-6	197.0000E-2	143.7928E+2							897.1241E-3
968.1932E-2	136.8545E-6	196.0000E-2	143.2178E+2							900.7258E-3
971.0946E-2	136.1206E-6	195.0000E-2	143.2553E+2							900.4902E-3
973.9963E-2	135.5493E-6	194.0000E-2	143.1213E+2							901.3331E-3
976.8970E-2	134.1771E-6	193.0000E-2	143.8397E+2							896.8314E-3
979.7995E-2	132.5454E-6	192.0000E-2	144.8560E+2							890.5395E-3
982.7000E-2	132.6061E-6	191.0000E-2	144.0356E+2							895.6122E-3
985.6014E-2	133.1864E-6	190.0000E-2	142.6572E+2							904.2653E-3
988.5040E-2	132.2637E-6	189.0000E-2	142.8964E+2							902.7519E-3
991.4062E-2	130.1444E-6	188.0000E-2	144.4549E+2							893.0124E-3
994.3087E-2	129.2819E-6	187.0000E-2	144.6452E+2							891.8375E-3
997.2095E-2	127.4190E-6	186.0000E-2	145.9750E+2							883.7127E-3
100.0109E-1	126.7260E-6	185.0000E-2	145.9842E+2							883.6572E-3
100.3012E-1	126.4728E-6	184.0000E-2	145.4858E+2							886.6844E-3
100.5915E-1	125.1059E-6	183.0000E-2	146.2760E+2							881.8942E-3
100.8814E-1	125.3927E-6	182.0000E-2	145.1440E+2							888.7726E-3
101.1717E-1	124.5586E-6	181.0000E-2	145.3131E+2							887.7382E-3
101.4619E-1	124.2049E-6	180.0000E-2	144.9218E+2							890.1352E-3
101.7521E-1	120.4764E-6	179.0000E-2	148.5768E+2							868.2380E-3
102.0423E-1	120.5386E-6	178.0000E-2	147.6705E+2							873.5663E-3
102.3327E-1	121.6343E-6	177.0000E-2	145.5182E+2							886.4873E-3
102.6228E-1	119.9119E-6	176.0000E-2	146.7745E+2							878.8995E-3
102.9128E-1	119.8361E-6	175.0000E-2	146.0327E+2							883.3636E-3
103.2027E-1	118.0279E-6	174.0000E-2	147.4228E+2							875.0343E-3
103.4928E-1	116.5440E-6	173.0000E-2	148.4417E+2							869.0278E-3
103.7832E-1	115.0843E-6	172.0000E-2	149.4556E+2							863.1325E-3
104.0733E-1	114.9855E-6	171.0000E-2	148.7144E+2							867.4346E-3
104.3636E-1	114.7591E-6	170.0000E-2	148.1364E+2							870.8193E-3
104.6538E-1	113.2206E-6	169.0000E-2	149.2661E+2							864.2285E-3
104.9439E-1	112.3468E-6	168.0000E-2	149.5370E+2							862.6630E-3
105.2341E-1	110.1873E-6	167.0000E-2	151.5602E+2							851.1471E-3
105.5243E-1	110.8172E-6	166.0000E-2	149.7962E+2							861.1701E-3
105.8144E-1	110.2989E-6	165.0000E-2	149.5935E+2							862.3370E-3
106.1046E-1	108.5124E-6	164.0000E-2	151.1348E+2							853.5425E-3
106.3946E-1	109.5539E-6	163.0000E-2	148.7852E+2							867.0219E-3
106.6847E-1	107.7611E-6	162.0000E-2	150.3326E+2							858.0974E-3
106.9751E-1	106.6377E-6	161.0000E-2	150.9785E+2							854.4262E-3
107.2653E-1	105.7905E-6	160.0000E-2	151.2423E+2							852.9359E-3
107.5554E-1	103.8325E-6	159.0000E-2	153.1313E+2							842.4143E-3
107.8456E-1	104.2068E-6	158.0000E-2	151.6216E+2							850.8024E-3
108.1357E-1	102.4976E-6	157.0000E-2	153.1743E+2							842.1780E-3
108.4258E-1	102.7629E-6	156.0000E-2	151.8057E+2							849.7704E-3
108.7160E-1	102.2668E-6	155.0000E-2	151.5643E+2							851.1237E-3
109.0061E-1	101.1909E-6	154.0000E-2	152.1875E+2							847.6384E-3
109.2962E-1	994.8951E-7	153.0000E-2	153.7851E+2							838.8331E-3
109.5862E-1	974.1633E-7	152.0000E-2	156.0313E+2							826.7570E-3
109.8765E-1	967.2240E-7	151.0000E-2	156.1169E+2							826.3040E-3
110.1669E-1	971.7138E-7	150.0000E-2	154.3664E+2							835.6739E-3
110.4570E-1	973.3404E-7	149.0000E-2	153.0811E+2							842.6906E-3
110.7471E-1	967.6460E-7	148.0000E-2	152.9485E+2							843.4211E-3
111.0373E-1	963.4667E-7	147.0000E-2	152.5740E+2							845.4911E-3
111.3274E-1	958.4077E-7	146.0000E-2	152.3360E+2							846.8123E-3
111.6175E-1	950.9329E-7	145.0000E-2	152.4818E+2							846.0023E-3
111.9077E-1	945.8949E-7	144.0000E-2	152.2368E+2							847.3641E-3
112.1978E-1	939.8169E-7	143.0000E-2	152.1573E+2							847.8069E-3
112.4880E-1	935.3374E-7	142.0000E-2	151.8169E+2							849.7080E-3
112.7779E-1	923.0288E-7	141.0000E-2	152.7580E+2							844.4732E-3
113.0682E-1	912.0911E-7	140.0000E-2	153.4934E+2							840.4268E-3
113.3586E-1	901.0723E-7	139.0000E-2	154.2607E+2							836.2469E-3
113.6487E-1	890.1506E-7	138.0000E-2	155.0299E+2							832.0973E-3
113.9389E-1	878.5832E-7	137.0000E-2	155.9329E+2							827.2791E-3
114.2291E-1	876.7736E-7	136.0000E-2	155.1142E+2							831.6456E-3
114.5192E-1	867.2554E-7	135.0000E-2	155.6635E+2							828.7107E-3
114.8094E-1	848.1224E-7	134.0000E-2	157.9961E+2							816.4761E-3
115.0996E-1	831.9478E-7	133.0000E-2	159.8658E+2							806.9268E-3
115.3896E-1	824.8731E-7	132.0000E-2	160.0246E+2							806.1259E-3
115.6796E-1	816.4463E-7	131.0000E-2	160.4515E+2							803.9815E-3
115.9695E-1	808.7648E-7	130.0000E-2	160.7389E+2							802.5436E-3
116.2598E-1	800.2720E-7	129.0000E-2	161.1952E+2							800.2721E-3
116.5502E-1	793.3299E-7	128.0000E-2	161.3452E+2							799.5278E-3
116.8404E-1	784.9733E-7	127.0000E-2	161.7889E+2							797.3351E-3
117.1305E-1	776.9204E-7	126.0000E-2	162.1788E+2							795.4185E-3
117.4207E-1	771.4693E-7	125.0000E-2	162.0285E+2							796.1563E-3
117.7110E-1	763.6701E-7	124.0000E-2	162.3738E+2							794.4632E-3
118.0011E-1	752.5759E-7	123.0000E-2	163.4387E+2							789.2870E-3
118.2913E-1	745.4871E-7	122.0000E-2	163.6514E+2							788.2609E-3
118.5813E-1	750.2398E-7	121.0000E-2	161.2818E+2							799.8424E-3
118.8714E-1	743.9317E-7	120.0000E-2	161.3051E+2							799.7265E-3
119.1616E-1	737.4060E-7	119.0000E-2	161.3765E+2							799.3729E-3
119.4517E-1	737.7972E-7	118.0000E-2	159.9355E+2							806.5750E-3
119.7421E-1	736.8006E-7	117.0000E-2	158.7947E+2							812.3699E-3
120.0324E-1	724.3420E-7	116.0000E-2	160.1453E+2							805.5183E-3
120.3224E-1	711.7712E-7	115.0000E-2	161.5688E+2							798.4216E-3
120.6125E-1	702.1163E-7	114.0000E-2	162.3663E+2							794.5000E-3
120.9025E-1	694.8317E-7	113.0000E-2	162.6293E+2							793.2149E-3
121.1927E-1	684.4178E-7	112.0000E-2	163.6427E+2							788.3027E-3
121.4829E-1	681.8368E-7	111.0000E-2	162.7956E+2							792.4050E-3
121.7730E-1	669.8797E-7	110.0000E-2	164.2086E+2							785.5862E-3
122.0630E-1	663.5409E-7	109.0000E-2	164.2702E+2							785.2915E-3
122.3529E-1	648.3865E-7	108.0000E-2	166.5673E+2							774.4616E-3
122.6432E-1	640.7144E-7	107.0000E-2	167.0011E+2							772.4501E-3
122.9335E-1	631.4781E-7	106.0000E-2	167.8601E+2							768.4970E-3
123.2238E-1	622.6554E-7	105.0000E-2	168.6326E+2							764.9766E-3
123.5139E-1	614.8141E-7	104.0000E-2	169.1568E+2							762.6060E-3
123.8041E-1	608.5338E-7	103.0000E-2	169.2593E+2							762.1443E-3
124.0944E-1	602.2866E-7	102.0000E-2	169.3546E+2							761.7155E-3
124.3845E-1	595.1560E-7	101.0000E-2	169.7034E+2							760.1498E-3
124.6749E-1	584.8528E-7	100.0000E-2	170.9832E+2							754.4601E-3
124.9652E-1	576.1946E-7	990.0000E-3	171.8170E+2							750.7990E-3
125.2554E-1	567.8506E-7	980.0000E-3	172.5806E+2							747.4768E-3
125.5456E-1	561.0363E-7	970.0000E-3	172.8943E+2							746.1204E-3
125.8359E-1	557.5288E-7	960.0000E-3	172.1884E+2							749.1794E-3
126.1259E-1	552.3377E-7	950.0000E-3	171.9962E+2							750.0165E-3
126.4160E-1	545.1738E-7	940.0000E-3	172.4221E+2							748.1641E-3
126.7059E-1	534.1823E-7	930.0000E-3	174.0979E+2							740.9626E-3
126.9959E-1	527.3348E-7	920.0000E-3	174.4622E+2							739.4151E-3
127.2865E-1	521.3149E-7	910.0000E-3	174.5586E+2							739.0068E-3
127.5765E-1	515.0484E-7	900.0000E-3	174.7408E+2							738.2361E-3
127.8667E-1	505.6775E-7	890.0000E-3	176.0015E+2							732.9483E-3
128.1571E-1	498.3794E-7	880.0000E-3	176.5723E+2							730.5789E-3
128.4471E-1	492.6863E-7	870.0000E-3	176.5829E+2							730.5349E-3
128.7374E-1	484.6638E-7	860.0000E-3	177.4426E+2							726.9957E-3
129.0276E-1	478.5067E-7	850.0000E-3	177.6360E+2							726.2043E-3
129.3178E-1	472.2675E-7	840.0000E-3	177.8653E+2							725.2680E-3
129.6078E-1	463.5277E-7	830.0000E-3	179.0616E+2							720.4226E-3
129.8981E-1	455.9258E-7	820.0000E-3	179.8538E+2							717.2492E-3
130.1884E-1	448.6391E-7	810.0000E-3	180.5460E+2							714.4994E-3
130.4787E-1	441.9120E-7	800.0000E-3	181.0315E+2							712.5831E-3
130.7689E-1	434.3973E-7	790.0000E-3	181.8612E+2							709.3322E-3
131.0589E-1	423.8635E-7	780.0000E-3	184.0215E+2							701.0050E-3
131.3490E-1	412.8829E-7	770.0000E-3	186.4935E+2							691.7130E-3
131.6393E-1	406.7767E-7	760.0000E-3	186.8347E+2							690.4500E-3
131.9296E-1	400.7631E-7	750.0000E-3	187.1430E+2							689.3125E-3
133.8685E-1	391.0232E-7	740.0000E-3	189.2471E+2							681.6486E-3
134.1585E-1	384.8372E-7	730.0000E-3	189.6906E+2							680.0547E-3
134.4487E-1	378.6964E-7	720.0000E-3	190.1259E+2							678.4977E-3
134.7386E-1	370.9655E-7	710.0000E-3	191.3925E+2							674.0078E-3
135.0286E-1	364.5047E-7	700.0000E-3	192.0414E+2							671.7302E-3
135.3191E-1	354.1749E-7	690.0000E-3	194.8190E+2							662.1530E-3
135.6092E-1	342.5014E-7	680.0000E-3	198.5394E+2							649.7452E-3
135.8995E-1	334.2858E-7	670.0000E-3	200.4273E+2							643.6249E-3
136.1897E-1	324.4533E-7	660.0000E-3	203.4191E+2							634.1587E-3
136.4797E-1	320.8415E-7	650.0000E-3	202.5923E+2							636.7469E-3
136.7698E-1	309.2931E-7	640.0000E-3	206.9234E+2							623.4190E-3
137.0601E-1	307.7495E-7	630.0000E-3	204.7119E+2							630.1538E-3
137.3502E-1	303.4995E-7	620.0000E-3	204.2837E+2							631.4749E-3
137.6402E-1	299.0613E-7	610.0000E-3	203.9716E+2							632.4410E-3
137.9303E-1	291.0782E-7	600.0000E-3	206.1302E+2							625.8181E-3
138.2204E-1	287.6961E-7	590.0000E-3	205.0775E+2							629.0305E-3
138.5108E-1	279.8504E-7	580.0000E-3	207.2535E+2							622.4260E-3
138.8009E-1	273.4452E-7	570.0000E-3	208.4513E+2							618.8496E-3
139.0911E-1	262.5033E-7	560.0000E-3	213.3307E+2							604.6951E-3
139.3813E-1	258.8267E-7	550.0000E-3	212.4974E+2							607.0661E-3
139.6713E-1	250.5664E-7	540.0000E-3	215.5117E+2							598.5753E-3
139.9616E-1	241.9892E-7	530.0000E-3	219.0181E+2							588.9925E-3
140.2518E-1	236.6774E-7	520.0000E-3	219.7083E+2							587.1420E-3
140.5419E-1	231.4466E-7	510.0000E-3	220.3532E+2							585.4237E-3
140.8320E-1	221.6033E-7	500.0000E-3	225.6285E+2							571.7364E-3
141.1220E-1	216.8171E-7	490.0000E-3	225.9970E+2							570.8041E-3
141.4122E-1	210.1881E-7	480.0000E-3	228.3668E+2							564.8806E-3
141.7026E-1	203.9003E-7	470.0000E-3	230.5048E+2							559.6413E-3
141.9924E-1	197.5590E-7	460.0000E-3	232.8419E+2							554.0241E-3
142.2826E-1	190.7507E-7	450.0000E-3	235.9100E+2							546.8188E-3
142.5727E-1	185.2880E-7	440.0000E-3	237.4681E+2							543.2308E-3
142.8627E-1	179.5872E-7	430.0000E-3	239.4380E+2							538.7615E-3
143.1529E-1	174.5141E-7	420.0000E-3	240.6682E+2							536.0077E-3
143.4430E-1	168.7857E-7	410.0000E-3	242.9115E+2							531.0575E-3
143.7334E-1	162.8672E-7	400.0000E-3	245.5988E+2							525.2468E-3
144.0236E-1	158.4313E-7	390.0000E-3	246.1635E+2							524.0420E-3
144.3135E-1	153.2003E-7	380.0000E-3	248.0412E+2							520.0749E-3
144.6036E-1	147.9320E-7	370.0000E-3	250.1150E+2							515.7627E-3
144.8938E-1	142.7432E-7	360.0000E-3	252.2011E+2							511.4965E-3
145.1839E-1	137.1992E-7	350.0000E-3	255.1036E+2							505.6770E-3
145.4739E-1	132.0276E-7	340.0000E-3	257.5220E+2							500.9281E-3
145.7642E-1	127.1142E-7	330.0000E-3	259.6091E+2							496.9008E-3
146.0542E-1	122.1743E-7	320.0000E-3	261.9208E+2							492.5153E-3
146.3445E-1	117.2023E-7	310.0000E-3	264.4999E+2							487.7129E-3
146.6347E-1	111.9904E-7	300.0000E-3	267.8801E+2							481.5588E-3
146.9251E-1	106.9352E-7	290.0000E-3	271.1923E+2							475.6771E-3
147.2152E-1	101.8892E-7	280.0000E-3	274.8084E+2							469.4180E-3
147.5053E-1	957.0983E-8	270.0000E-3	282.1027E+2							457.2803E-3
147.7954E-1	898.9862E-8	260.0000E-3	289.2147E+2							446.0355E-3
148.0857E-1	842.7240E-8	250.0000E-3	296.6570E+2							434.8456E-3
148.3756E-1	808.1711E-8	240.0000E-3	296.9668E+2							434.3920E-3
148.6658E-1	778.3486E-8	230.0000E-3	295.4974E+2							436.5520E-3
148.9562E-1	740.6785E-8	220.0000E-3	297.0249E+2							434.3070E-3
149.2463E-1	683.6284E-8	210.0000E-3	307.1844E+2							419.9432E-3
149.5366E-1	643.2122E-8	200.0000E-3	310.9394E+2							414.8719E-3
149.8269E-1	599.6190E-8	190.0000E-3	316.8679E+2							407.1098E-3
150.1170E-1	560.9048E-8	180.0000E-3	320.9101E+2							401.9817E-3
150.4070E-1	515.4143E-8	170.0000E-3	329.8318E+2							391.1085E-3
150.6971E-1	482.8295E-8	160.0000E-3	331.3799E+2							389.2813E-3
150.9873E-1	442.7741E-8	150.0000E-3	338.7732E+2							380.7857E-3
151.2776E-1	407.3594E-8	140.0000E-3	343.6769E+2							375.3525E-3
153.3238E-1	380.8864E-8	130.0000E-3	341.3091E+2							377.9566E-3
153.6138E-1	356.3031E-8	120.0000E-3	336.7919E+2							383.0258E-3
153.9039E-1	325.1078E-8	110.0000E-3	338.3493E+2							381.2628E-3
154.1940E-1	282.6664E-8	100.0000E-3	353.7739E+2							364.6397E-3
154.4838E-1	252.5633E-8	900.0000E-4	356.3463E+2							362.0074E-3
154.7740E-1	221.5898E-8	800.0000E-4	361.0275E+2							357.3135E-3
155.0640E-1	194.7406E-8	700.0000E-4	359.4525E+2							358.8791E-3
155.3543E-1	165.6859E-8	600.0000E-4	362.1311E+2							356.2246E-3
155.6446E-1	135.9844E-8	500.0000E-4	367.6893E+2							350.8397E-3
155.9349E-1	108.8622E-8	400.0000E-4	367.4371E+2							351.0805E-3
156.2251E-1	822.4090E-9	300.0000E-4	364.7820E+2							353.6359E-3
156.5153E-1	579.9745E-9	200.0000E-4	344.8427E+2							374.0835E-3
158.5309E-1	275.8164E-9	100.0000E-4	362.5600E+2							355.8032E-3
158.8208E-1	910.3466E-10	000.0000E+0	000.0000E+0							#REF
