Time	AI	AV	ILRS	IHRS	I	ID	IMAX	VSET	NORM_COND	RATIO_SET_NEG
410.1377E-2	298.0951E-12	000.0000E+0	108.9703E-6	321.8892E-9	298.0951E-12	#REF	492.6140E-6	143.0000E-2	#REF	338.5337E+0
458.5726E-2	-122.9602E-10	-100.0000E-4			122.9602E-10	119.9792E-10			158.6186E-4
461.4424E-2	-220.4456E-10	-200.0000E-4			220.4456E-10	974.8543E-11			142.1874E-4
464.3435E-2	-346.8678E-10	-300.0000E-4			346.8678E-10	126.4222E-10			149.1532E-4
467.2438E-2	-476.4398E-10	-400.0000E-4			476.4398E-10	129.5719E-10			153.6518E-4
487.3642E-2	-633.7789E-10	-500.0000E-4			633.7789E-10	157.3391E-10			163.5150E-4
490.2585E-2	-756.5504E-10	-600.0000E-4			756.5504E-10	122.7716E-10			162.6584E-4
493.1616E-2	-896.9501E-10	-700.0000E-4			896.9501E-10	140.3996E-10			165.2951E-4
496.0634E-2	-104.4561E-9	-800.0000E-4			104.4561E-9	147.6108E-10			168.4354E-4
498.9642E-2	-119.3593E-9	-900.0000E-4			119.3593E-9	149.0326E-10			171.0817E-4
501.8642E-2	-135.2323E-9	-100.0000E-3			135.2323E-9	158.7294E-10			174.4496E-4
504.7675E-2	-151.4112E-9	-110.0000E-3			151.4112E-9	161.7894E-10			177.5641E-4
507.6688E-2	-168.1316E-9	-120.0000E-3			168.1316E-9	167.2036E-10			180.7415E-4
510.5725E-2	-184.2448E-9	-130.0000E-3			184.2448E-9	161.1322E-10			182.8276E-4
513.4720E-2	-201.2751E-9	-140.0000E-3			201.2751E-9	170.3025E-10			185.4606E-4
516.3743E-2	-222.9829E-9	-150.0000E-3			222.9829E-9	217.0782E-10			191.7653E-4
519.2757E-2	-241.5524E-9	-160.0000E-3			241.5524E-9	185.6954E-10			194.7516E-4
522.1757E-2	-260.9109E-9	-170.0000E-3			260.9109E-9	193.5851E-10			197.9853E-4
525.0777E-2	-277.8054E-9	-180.0000E-3			277.8054E-9	168.9452E-10			199.0939E-4
527.9792E-2	-298.5925E-9	-190.0000E-3			298.5925E-9	207.8710E-10			202.7286E-4
530.8807E-2	-321.8892E-9	-200.0000E-3			321.8892E-9	232.9662E-10			207.6185E-4
533.7808E-2	-344.6782E-9	-210.0000E-3			344.6782E-9	227.8901E-10			211.7309E-4
536.6834E-2	-366.6336E-9	-220.0000E-3			366.6336E-9	219.5546E-10			214.9806E-4
539.5838E-2	-387.2076E-9	-230.0000E-3			387.2076E-9	205.7402E-10			217.1730E-4
542.4861E-2	-411.4265E-9	-240.0000E-3			411.4265E-9	242.1885E-10			221.1417E-4
545.3872E-2	-435.8202E-9	-250.0000E-3			435.8202E-9	243.9370E-10			224.8832E-4
548.2883E-2	-460.6617E-9	-260.0000E-3			460.6617E-9	248.4151E-10			228.5591E-4
551.1895E-2	-487.0488E-9	-270.0000E-3			487.0488E-9	263.8708E-10			232.7011E-4
571.3069E-2	-514.2340E-9	-280.0000E-3			514.2340E-9	271.8519E-10			236.9149E-4
574.2012E-2	-534.3712E-9	-290.0000E-3			534.3712E-9	201.3724E-10			237.7031E-4
577.1037E-2	-560.9902E-9	-300.0000E-3			560.9902E-9	266.1898E-10			241.2258E-4
580.0030E-2	-596.5332E-9	-310.0000E-3			596.5332E-9	355.4300E-10			248.2348E-4
582.9049E-2	-632.3722E-9	-320.0000E-3			632.3722E-9	358.3898E-10			254.9250E-4
585.8057E-2	-664.2380E-9	-330.0000E-3			664.2380E-9	318.6585E-10			259.6567E-4
588.7085E-2	-694.0150E-9	-340.0000E-3			694.0150E-9	297.7697E-10			263.3175E-4
591.6084E-2	-726.0742E-9	-350.0000E-3			726.0742E-9	320.5918E-10			267.6102E-4
594.5127E-2	-757.9000E-9	-360.0000E-3			757.9000E-9	318.2583E-10			271.5808E-4
597.4136E-2	-785.8328E-9	-370.0000E-3			785.8328E-9	279.3274E-10			273.9795E-4
600.3155E-2	-815.4379E-9	-380.0000E-3			815.4379E-9	296.0513E-10			276.8197E-4
603.2184E-2	-852.1367E-9	-390.0000E-3			852.1367E-9	366.9885E-10			281.8606E-4
606.1204E-2	-883.4328E-9	-400.0000E-3			883.4328E-9	312.9611E-10			284.9071E-4
609.0216E-2	-919.4903E-9	-410.0000E-3			919.4903E-9	360.5749E-10			289.3031E-4
611.9213E-2	-967.8580E-9	-420.0000E-3			967.8580E-9	483.6767E-10			297.2707E-4
614.8227E-2	-999.6295E-9	-430.0000E-3			999.6295E-9	317.7149E-10			299.8888E-4
617.7258E-2	-103.8697E-8	-440.0000E-3			103.8697E-8	390.6734E-10			304.5270E-4
620.6268E-2	-108.4264E-8	-450.0000E-3			108.4264E-8	455.6671E-10			310.8222E-4
623.5286E-2	-111.6930E-8	-460.0000E-3			111.6930E-8	326.6666E-10			313.2261E-4
626.4323E-2	-117.7645E-8	-470.0000E-3			117.7645E-8	607.1446E-10			323.2259E-4
629.3311E-2	-120.8148E-8	-480.0000E-3			120.8148E-8	305.0286E-10			324.6897E-4
632.2345E-2	-125.5983E-8	-490.0000E-3			125.5983E-8	478.3499E-10			330.6566E-4
635.1373E-2	-129.6898E-8	-500.0000E-3			129.6898E-8	409.1521E-10			334.5996E-4
638.0392E-2	-130.9375E-8	-510.0000E-3			130.9375E-8	124.7736E-10			331.1949E-4
640.9411E-2	-135.8541E-8	-520.0000E-3			135.8541E-8	491.6592E-10			337.0227E-4
643.8416E-2	-138.0626E-8	-530.0000E-3			138.0626E-8	220.8458E-10			336.0391E-4
646.7455E-2	-140.7792E-8	-540.0000E-3			140.7792E-8	271.6649E-10			336.3059E-4
649.6472E-2	-146.8871E-8	-550.0000E-3			146.8871E-8	610.7905E-10			344.5170E-4
652.5512E-2	-151.2316E-8	-560.0000E-3			151.2316E-8	434.4463E-10			348.3727E-4
655.4517E-2	-157.0986E-8	-570.0000E-3			157.0986E-8	586.7048E-10			355.5390E-4
658.3522E-2	-160.6565E-8	-580.0000E-3			160.6565E-8	355.7830E-10			357.3221E-4
661.2527E-2	-159.7323E-8	-590.0000E-3			159.7323E-8	-924.1489E-11			349.2452E-4
664.1560E-2	-156.3517E-8	-600.0000E-3			156.3517E-8	-338.0558E-10			336.1562E-4
667.0567E-2	-161.6806E-8	-610.0000E-3			161.6806E-8	532.8809E-10			341.9146E-4
669.9593E-2	-163.8324E-8	-620.0000E-3			163.8324E-8	215.1876E-10			340.8772E-4
672.8599E-2	-167.1378E-8	-630.0000E-3			167.1378E-8	330.5331E-10			342.2345E-4
675.7621E-2	-173.2791E-8	-640.0000E-3			173.2791E-8	614.1295E-10			349.2656E-4
678.6644E-2	-177.3336E-8	-650.0000E-3			177.3336E-8	405.4516E-10			351.9389E-4
681.5660E-2	-181.7183E-8	-660.0000E-3			181.7183E-8	438.4708E-10			355.1766E-4
684.4684E-2	-187.1585E-8	-670.0000E-3			187.1585E-8	544.0222E-10			360.3499E-4
687.3693E-2	-192.1293E-8	-680.0000E-3			192.1293E-8	497.0798E-10			364.4806E-4
690.2690E-2	-198.4877E-8	-690.0000E-3			198.4877E-8	635.8437E-10			371.0858E-4
693.1685E-2	-200.4984E-8	-700.0000E-3			200.4984E-8	201.0688E-10			369.4900E-4
696.0717E-2	-204.8316E-8	-710.0000E-3			204.8316E-8	433.3174E-10			372.1588E-4
698.9727E-2	-210.3524E-8	-720.0000E-3			210.3524E-8	552.0815E-10			376.8814E-4
701.8764E-2	-215.9370E-8	-730.0000E-3			215.9370E-8	558.4570E-10			381.5873E-4
704.7766E-2	-221.1897E-8	-740.0000E-3			221.1897E-8	525.2764E-10			385.5875E-4
707.6798E-2	-229.5685E-8	-750.0000E-3			229.5685E-8	837.8720E-10			394.8578E-4
710.5814E-2	-235.9625E-8	-760.0000E-3			235.9625E-8	639.3998E-10			400.5152E-4
713.4830E-2	-244.0150E-8	-770.0000E-3			244.0150E-8	805.2552E-10			408.8044E-4
716.3849E-2	-254.8469E-8	-780.0000E-3			254.8469E-8	108.3192E-9			421.4776E-4
719.2844E-2	-259.8660E-8	-790.0000E-3			259.8660E-8	501.9024E-10			424.3381E-4
722.1864E-2	-261.0342E-8	-800.0000E-3			261.0342E-8	116.8269E-10			420.9177E-4
725.0870E-2	-264.2399E-8	-810.0000E-3			264.2399E-8	320.5628E-10			420.8264E-4
727.9907E-2	-269.4858E-8	-820.0000E-3			269.4858E-8	524.5988E-10			423.9473E-4
730.8915E-2	-273.1693E-8	-830.0000E-3			273.1693E-8	368.3476E-10			424.5644E-4
733.7936E-2	-281.3918E-8	-840.0000E-3			281.3918E-8	822.2469E-10			432.1374E-4
736.6948E-2	-290.8314E-8	-850.0000E-3			290.8314E-8	943.9623E-10			441.3794E-4
739.5973E-2	-289.9216E-8	-860.0000E-3			289.9216E-8	-909.8130E-11			434.8824E-4
742.4992E-2	-295.6325E-8	-870.0000E-3			295.6325E-8	571.0922E-10			438.3517E-4
745.4007E-2	-316.4433E-8	-880.0000E-3			316.4433E-8	208.1081E-9			463.8772E-4
748.3023E-2	-315.4810E-8	-890.0000E-3			315.4810E-8	-962.3818E-11			457.2702E-4
751.2018E-2	-287.5227E-8	-900.0000E-3			287.5227E-8	-279.5825E-9			412.1159E-4
754.1036E-2	-299.0504E-8	-910.0000E-3			299.0504E-8	115.2773E-9			423.9286E-4
757.0036E-2	-301.0990E-8	-920.0000E-3			301.0990E-8	204.8614E-10			422.1932E-4
759.9063E-2	-311.7487E-8	-930.0000E-3			311.7487E-8	106.4966E-9			432.4256E-4
762.8066E-2	-324.9512E-8	-940.0000E-3			324.9512E-8	132.0254E-9			445.9437E-4
765.7110E-2	-321.2626E-8	-950.0000E-3			321.2626E-8	-368.8638E-10			436.2408E-4
768.6118E-2	-329.0793E-8	-960.0000E-3			329.0793E-8	781.6652E-10			442.2003E-4
771.5148E-2	-332.2862E-8	-970.0000E-3			332.2862E-8	320.6969E-10			441.9064E-4
774.4171E-2	-331.9367E-8	-980.0000E-3			331.9367E-8	-349.5416E-11			436.9371E-4
777.3185E-2	-342.4516E-8	-990.0000E-3			342.4516E-8	105.1487E-9			446.2248E-4
780.2197E-2	-353.8848E-8	-100.0000E-2			353.8848E-8	114.3319E-9			456.5113E-4
783.1191E-2	-361.5138E-8	-101.0000E-2			361.5138E-8	762.9069E-10			461.7355E-4
786.0216E-2	-367.5339E-8	-102.0000E-2			367.5339E-8	602.0127E-10			464.8224E-4
788.9248E-2	-373.2885E-8	-103.0000E-2			373.2885E-8	575.4578E-10			467.5167E-4
791.8265E-2	-380.6887E-8	-104.0000E-2			380.6887E-8	740.0195E-10			472.2004E-4
794.7259E-2	-386.6211E-8	-105.0000E-2			386.6211E-8	593.2338E-10			474.9916E-4
797.6289E-2	-395.7089E-8	-106.0000E-2			395.7089E-8	908.7807E-10			481.5703E-4
800.5283E-2	-406.0548E-8	-107.0000E-2			406.0548E-8	103.4591E-9			489.5427E-4
803.4297E-2	-403.5990E-8	-108.0000E-2			403.5990E-8	-245.5818E-10			482.0765E-4
806.3314E-2	-410.4472E-8	-109.0000E-2			410.4472E-8	684.8222E-10			485.7586E-4
809.2338E-2	-420.7398E-8	-110.0000E-2			420.7398E-8	102.9266E-9			493.4131E-4
812.1348E-2	-434.2907E-8	-111.0000E-2			434.2907E-8	135.5088E-9			504.7162E-4
815.0348E-2	-437.9714E-8	-112.0000E-2			437.9714E-8	368.0634E-10			504.4492E-4
817.9351E-2	-441.6454E-8	-113.0000E-2			441.6454E-8	367.4040E-10			504.1793E-4
820.8351E-2	-459.5326E-8	-114.0000E-2			459.5326E-8	178.8717E-9			519.9974E-4
823.7381E-2	-455.5793E-8	-115.0000E-2			455.5793E-8	-395.3301E-10			511.0411E-4
826.6392E-2	-463.8364E-8	-116.0000E-2			463.8364E-8	825.7166E-10			515.8181E-4
829.5427E-2	-468.1105E-8	-117.0000E-2			468.1105E-8	427.4079E-10			516.1219E-4
832.4418E-2	-482.8363E-8	-118.0000E-2			482.8363E-8	147.2581E-9			527.8465E-4
835.3422E-2	-491.0817E-8	-119.0000E-2			491.0817E-8	824.5388E-10			532.3491E-4
838.2438E-2	-491.1467E-8	-120.0000E-2			491.1467E-8	649.8340E-12			527.9827E-4
858.4395E-2	-507.1964E-8	-121.0000E-2			507.1964E-8	160.4967E-9			540.7300E-4
861.3308E-2	-520.0711E-8	-122.0000E-2			520.0711E-8	128.7476E-9			549.9113E-4
864.2322E-2	-524.8156E-8	-123.0000E-2			524.8156E-8	474.4516E-10			550.4164E-4
867.1351E-2	-536.3097E-8	-124.0000E-2			536.3097E-8	114.9410E-9			557.9351E-4
870.0366E-2	-554.9130E-8	-125.0000E-2			554.9130E-8	186.0330E-9			572.6703E-4
872.9407E-2	-570.7579E-8	-126.0000E-2			570.7579E-8	158.4490E-9			584.3474E-4
875.8403E-2	-566.5646E-8	-127.0000E-2			566.5646E-8	-419.3316E-10			575.4869E-4
878.7406E-2	-568.7040E-8	-128.0000E-2			568.7040E-8	213.9404E-10			573.1470E-4
881.6425E-2	-580.3695E-8	-129.0000E-2			580.3695E-8	116.6550E-9			580.3696E-4
884.5467E-2	-584.0555E-8	-130.0000E-2			584.0555E-8	368.5955E-10			579.5628E-4
887.4474E-2	-599.4473E-8	-131.0000E-2			599.4473E-8	153.9183E-9			590.2955E-4
890.3517E-2	-612.3292E-8	-132.0000E-2			612.3292E-8	128.8190E-9			598.4126E-4
893.2521E-2	-611.4101E-8	-133.0000E-2			611.4101E-8	-919.1353E-11			593.0218E-4
896.1532E-2	-626.2007E-8	-134.0000E-2			626.2007E-8	147.9061E-9			602.8350E-4
899.0546E-2	-643.8536E-8	-135.0000E-2			643.8536E-8	176.5293E-9			615.2379E-4
901.9558E-2	-673.8327E-8	-136.0000E-2			673.8327E-8	299.7908E-9			639.1501E-4
904.8590E-2	-691.5842E-8	-137.0000E-2			691.5842E-8	177.5147E-9			651.1997E-4
907.7598E-2	-705.0733E-8	-138.0000E-2			705.0733E-8	134.8913E-9			659.0903E-4
910.6599E-2	-744.4298E-8	-139.0000E-2			744.4298E-8	393.5652E-9			690.8737E-4
913.5599E-2	-766.7376E-8	-140.0000E-2			766.7376E-8	223.0777E-9			706.4939E-4
916.4621E-2	-725.1747E-8	-141.0000E-2			725.1747E-8	-415.6286E-9			663.4577E-4
919.3629E-2	-740.9232E-8	-142.0000E-2			740.9232E-8	157.4849E-9			673.0922E-4
936.0941E-2	-500.0232E-6	-143.0000E-2			500.0232E-6	492.6140E-6			451.0699E-2
938.9752E-2	-500.0238E-6	-144.0000E-2			500.0238E-6	523.8689E-12			447.9379E-2
941.8892E-2	-500.0235E-6	-145.0000E-2			500.0235E-6	-232.8306E-12			444.8485E-2
944.8032E-2	-500.0235E-6	-146.0000E-2			500.0235E-6	-582.0766E-13			441.8016E-2
947.7169E-2	-500.0242E-6	-147.0000E-2			500.0242E-6	698.4919E-12			438.7967E-2
950.6330E-2	-500.0238E-6	-148.0000E-2			500.0238E-6	-349.2460E-12			435.8316E-2
953.5488E-2	-500.0238E-6	-149.0000E-2			500.0238E-6	-582.0766E-13			432.9065E-2
956.4628E-2	-500.0238E-6	-150.0000E-2			500.0238E-6	000.0000E+0			430.0204E-2
959.3773E-2	-500.0239E-6	-151.0000E-2			500.0239E-6	116.4153E-12			427.1727E-2
962.2910E-2	-500.0239E-6	-152.0000E-2			500.0239E-6	000.0000E+0			424.3624E-2
965.2058E-2	-500.0238E-6	-153.0000E-2			500.0238E-6	-582.0766E-13			421.5887E-2
968.1190E-2	-500.0242E-6	-154.0000E-2			500.0242E-6	349.2460E-12			418.8514E-2
971.0347E-2	-500.0240E-6	-155.0000E-2			500.0240E-6	-174.6230E-12			416.1490E-2
973.9509E-2	-500.0238E-6	-156.0000E-2			500.0238E-6	-232.8306E-12			413.4812E-2
976.8633E-2	-500.0232E-6	-157.0000E-2			500.0232E-6	-523.8689E-12			410.8471E-2
979.7787E-2	-500.0239E-6	-158.0000E-2			500.0239E-6	698.4919E-12			408.2474E-2
982.6934E-2	-500.0239E-6	-159.0000E-2			500.0239E-6	-582.0766E-13			405.6798E-2
985.6087E-2	-500.0243E-6	-160.0000E-2			500.0243E-6	407.4536E-12			403.1446E-2
988.5227E-2	-500.0241E-6	-161.0000E-2			500.0241E-6	-232.8306E-12			400.6404E-2
991.4355E-2	-500.0242E-6	-162.0000E-2			500.0242E-6	116.4153E-12			398.1674E-2
994.3513E-2	-500.0245E-6	-163.0000E-2			500.0245E-6	349.2460E-12			395.7249E-2
997.2641E-2	-500.0241E-6	-164.0000E-2			500.0241E-6	-407.4536E-12			393.3117E-2
100.0179E-1	-500.0245E-6	-165.0000E-2			500.0245E-6	349.2460E-12			390.9282E-2
100.3094E-1	-500.0239E-6	-166.0000E-2			500.0239E-6	-523.8689E-12			388.5728E-2
100.6009E-1	-500.0244E-6	-167.0000E-2			500.0244E-6	465.6613E-12			386.2464E-2
100.8923E-1	-500.0239E-6	-168.0000E-2			500.0239E-6	-523.8689E-12			383.9469E-2
101.1837E-1	-500.0235E-6	-169.0000E-2			500.0235E-6	-407.4536E-12			381.6747E-2
101.4753E-1	-500.0239E-6	-170.0000E-2			500.0239E-6	407.4536E-12			379.4299E-2
101.7668E-1	-500.0241E-6	-171.0000E-2			500.0241E-6	174.6230E-12			377.2111E-2
102.0581E-1	-500.0244E-6	-172.0000E-2			500.0244E-6	349.2460E-12			375.0183E-2
102.3497E-1	-500.0242E-6	-173.0000E-2			500.0242E-6	-232.8306E-12			372.8504E-2
102.6412E-1	-500.0239E-6	-174.0000E-2			500.0239E-6	-291.0383E-12			370.7074E-2
102.9326E-1	-500.0240E-6	-175.0000E-2			500.0240E-6	116.4153E-12			368.5891E-2
103.2240E-1	-500.0238E-6	-176.0000E-2			500.0238E-6	-174.6230E-12			366.4947E-2
103.5155E-1	-500.0241E-6	-177.0000E-2			500.0241E-6	232.8306E-12			364.4243E-2
103.8071E-1	-500.0245E-6	-178.0000E-2			500.0245E-6	407.4536E-12			362.3773E-2
104.0985E-1	-500.0241E-6	-179.0000E-2			500.0241E-6	-407.4536E-12			360.3525E-2
104.3900E-1	-500.0240E-6	-180.0000E-2			500.0240E-6	-582.0766E-13			358.3505E-2
104.6814E-1	-500.0235E-6	-181.0000E-2			500.0235E-6	-523.8689E-12			356.3703E-2
104.9728E-1	-500.0239E-6	-182.0000E-2			500.0239E-6	407.4536E-12			354.4125E-2
105.2642E-1	-500.0235E-6	-183.0000E-2			500.0235E-6	-407.4536E-12			352.4756E-2
105.5557E-1	-500.0238E-6	-184.0000E-2			500.0238E-6	349.2460E-12			350.5602E-2
105.8473E-1	-500.0243E-6	-185.0000E-2			500.0243E-6	465.6613E-12			348.6656E-2
106.1387E-1	-500.0239E-6	-186.0000E-2			500.0239E-6	-407.4536E-12			346.7908E-2
106.4302E-1	-500.0234E-6	-187.0000E-2			500.0234E-6	-523.8689E-12			344.9359E-2
106.7216E-1	-500.0245E-6	-188.0000E-2			500.0245E-6	110.5946E-11			343.1019E-2
107.0130E-1	-500.0235E-6	-189.0000E-2			500.0235E-6	-931.3226E-12			341.2859E-2
107.3044E-1	-500.0238E-6	-190.0000E-2			500.0238E-6	232.8306E-12			339.4898E-2
107.5960E-1	-500.0238E-6	-191.0000E-2			500.0238E-6	000.0000E+0			337.7124E-2
107.8875E-1	-500.0241E-6	-192.0000E-2			500.0241E-6	291.0383E-12			335.9537E-2
108.1788E-1	-500.0242E-6	-193.0000E-2			500.0242E-6	116.4153E-12			334.2131E-2
108.4703E-1	-500.0237E-6	-194.0000E-2			500.0237E-6	-523.8689E-12			332.4899E-2
108.7618E-1	-500.0238E-6	-195.0000E-2			500.0238E-6	116.4153E-12			330.7849E-2
109.0534E-1	-500.0235E-6	-196.0000E-2			500.0235E-6	-291.0383E-12			329.0971E-2
109.3447E-1	-500.0235E-6	-197.0000E-2			500.0235E-6	000.0000E+0			327.4265E-2
109.6359E-1	-500.0237E-6	-198.0000E-2			500.0237E-6	174.6230E-12			325.7730E-2
109.9275E-1	-500.0233E-6	-199.0000E-2			500.0233E-6	-349.2460E-12			324.1357E-2
110.2188E-1	-500.0245E-6	-200.0000E-2			500.0245E-6	116.4153E-11			322.5158E-2
110.5103E-1	-500.0235E-6	-201.0000E-2			500.0235E-6	-989.5302E-12			320.9106E-2
110.8017E-1	-500.0237E-6	-202.0000E-2			500.0237E-6	174.6230E-12			319.3220E-2
111.0933E-1	-500.0240E-6	-203.0000E-2			500.0240E-6	349.2460E-12			317.7492E-2
111.3846E-1	-500.0232E-6	-204.0000E-2			500.0232E-6	-756.6996E-12			316.1912E-2
111.6759E-1	-500.0231E-6	-205.0000E-2			500.0231E-6	-174.6230E-12			314.6487E-2
111.9675E-1	-500.0238E-6	-206.0000E-2			500.0238E-6	698.4919E-12			313.1217E-2
112.2588E-1	-500.0240E-6	-207.0000E-2			500.0240E-6	232.8306E-12			311.6092E-2
112.5503E-1	-500.0234E-6	-208.0000E-2			500.0234E-6	-640.2843E-12			310.1107E-2
112.8418E-1	-500.0241E-6	-209.0000E-2			500.0241E-6	698.4919E-12			308.6273E-2
113.1333E-1	-500.0237E-6	-210.0000E-2			500.0237E-6	-407.4536E-12			307.1574E-2
113.4247E-1	-500.0239E-6	-211.0000E-2			500.0239E-6	232.8306E-12			305.7018E-2
113.7160E-1	-500.0239E-6	-212.0000E-2			500.0239E-6	582.0766E-13			304.2599E-2
114.0076E-1	-500.0238E-6	-213.0000E-2			500.0238E-6	-116.4153E-12			302.8313E-2
114.2990E-1	-500.0237E-6	-214.0000E-2			500.0237E-6	-174.6230E-12			301.4161E-2
114.5903E-1	-500.0233E-6	-215.0000E-2			500.0233E-6	-349.2460E-12			300.0140E-2
114.8818E-1	-500.0237E-6	-216.0000E-2			500.0237E-6	349.2460E-12			298.6252E-2
115.1733E-1	-500.0240E-6	-217.0000E-2			500.0240E-6	349.2460E-12			297.2493E-2
115.4646E-1	-500.0245E-6	-218.0000E-2			500.0245E-6	523.8689E-12			295.8861E-2
115.7560E-1	-500.0235E-6	-219.0000E-2			500.0235E-6	-989.5302E-12			294.5344E-2
116.0476E-1	-500.0242E-6	-220.0000E-2			500.0242E-6	640.2843E-12			293.1960E-2
116.3391E-1	-500.0243E-6	-221.0000E-2			500.0243E-6	116.4153E-12			291.8694E-2
116.6305E-1	-500.0236E-6	-222.0000E-2			500.0236E-6	-698.4919E-12			290.5542E-2
116.9221E-1	-500.0238E-6	-223.0000E-2			500.0238E-6	232.8306E-12			289.2515E-2
117.2136E-1	-500.0244E-6	-224.0000E-2			500.0244E-6	582.0766E-12			287.9605E-2
117.5049E-1	-500.0239E-6	-225.0000E-2			500.0239E-6	-523.8689E-12			286.6804E-2
117.7964E-1	-500.0235E-6	-226.0000E-2			500.0235E-6	-349.2460E-12			285.4117E-2
118.0878E-1	-500.0240E-6	-227.0000E-2			500.0240E-6	465.6613E-12			284.1546E-2
118.3794E-1	-500.0239E-6	-228.0000E-2			500.0239E-6	-116.4153E-12			282.9083E-2
118.6708E-1	-500.0239E-6	-229.0000E-2			500.0239E-6	000.0000E+0			281.6729E-2
118.9623E-1	-500.0235E-6	-230.0000E-2			500.0235E-6	-349.2460E-12			280.4480E-2
119.2537E-1	-500.0240E-6	-231.0000E-2			500.0240E-6	465.6613E-12			279.2342E-2
119.5451E-1	-500.0239E-6	-232.0000E-2			500.0239E-6	-116.4153E-12			278.0305E-2
119.8365E-1	-500.0242E-6	-233.0000E-2			500.0242E-6	349.2460E-12			276.8375E-2
120.1280E-1	-500.0235E-6	-234.0000E-2			500.0235E-6	-698.4919E-12			275.6540E-2
120.4196E-1	-500.0237E-6	-235.0000E-2			500.0237E-6	116.4153E-12			274.4811E-2
120.7110E-1	-500.0240E-6	-236.0000E-2			500.0240E-6	349.2460E-12			273.3182E-2
121.0025E-1	-500.0239E-6	-237.0000E-2			500.0239E-6	-116.4153E-12			272.1649E-2
121.2938E-1	-500.0240E-6	-238.0000E-2			500.0240E-6	116.4153E-12			271.0214E-2
121.5853E-1	-500.0244E-6	-239.0000E-2			500.0244E-6	407.4536E-12			269.8876E-2
121.8767E-1	-500.0238E-6	-240.0000E-2			500.0238E-6	-582.0766E-12			268.7628E-2
122.1683E-1	-500.0242E-6	-241.0000E-2			500.0242E-6	349.2460E-12			267.6478E-2
122.4597E-1	-500.0235E-6	-242.0000E-2			500.0235E-6	-640.2843E-12			266.5415E-2
122.7511E-1	-500.0242E-6	-243.0000E-2			500.0242E-6	640.2843E-12			265.4449E-2
123.0425E-1	-500.0240E-6	-244.0000E-2			500.0240E-6	-174.6230E-12			264.3569E-2
123.3339E-1	-500.0233E-6	-245.0000E-2			500.0233E-6	-698.4919E-12			263.2776E-2
123.6255E-1	-500.0240E-6	-246.0000E-2			500.0240E-6	698.4919E-12			262.2077E-2
123.9169E-1	-500.0232E-6	-247.0000E-2			500.0232E-6	-756.6996E-12			261.1457E-2
124.2082E-1	-500.0238E-6	-248.0000E-2			500.0238E-6	582.0766E-12			260.0930E-2
124.4998E-1	-500.0238E-6	-249.0000E-2			500.0238E-6	-582.0766E-13			259.0485E-2
124.7912E-1	-500.0237E-6	-250.0000E-2			500.0237E-6	-116.4153E-12			258.0122E-2
125.0826E-1	-500.0243E-6	-250.0000E-2			500.0243E-6	640.2843E-12			258.0125E-2
125.3741E-1	-500.0243E-6	-249.0000E-2			500.0243E-6	000.0000E+0			259.0487E-2
125.6656E-1	-500.0245E-6	-248.0000E-2			500.0245E-6	174.6230E-12			260.0934E-2
125.9569E-1	-500.0241E-6	-247.0000E-2			500.0241E-6	-349.2460E-12			261.1462E-2
126.2482E-1	-500.0234E-6	-246.0000E-2			500.0234E-6	-756.6996E-12			262.2074E-2
126.5398E-1	-500.0243E-6	-245.0000E-2			500.0243E-6	931.3226E-12			263.2781E-2
126.8312E-1	-500.0239E-6	-244.0000E-2			500.0239E-6	-407.4536E-12			264.3569E-2
127.1227E-1	-500.0240E-6	-243.0000E-2			500.0240E-6	116.4153E-12			265.4448E-2
127.4142E-1	-500.0239E-6	-242.0000E-2			500.0239E-6	-582.0766E-13			266.5417E-2
127.7057E-1	-500.0239E-6	-241.0000E-2			500.0239E-6	-582.0766E-13			267.6476E-2
127.9970E-1	-500.0239E-6	-240.0000E-2			500.0239E-6	582.0766E-13			268.7629E-2
128.2884E-1	-500.0241E-6	-239.0000E-2			500.0241E-6	116.4153E-12			269.8875E-2
128.5800E-1	-500.0238E-6	-238.0000E-2			500.0238E-6	-232.8306E-12			271.0213E-2
128.8716E-1	-500.0240E-6	-237.0000E-2			500.0240E-6	174.6230E-12			272.1650E-2
129.1629E-1	-500.0243E-6	-236.0000E-2			500.0243E-6	291.0383E-12			273.3184E-2
129.4545E-1	-500.0239E-6	-235.0000E-2			500.0239E-6	-349.2460E-12			274.4812E-2
129.7459E-1	-500.0242E-6	-234.0000E-2			500.0242E-6	291.0383E-12			275.6544E-2
130.0374E-1	-500.0245E-6	-233.0000E-2			500.0245E-6	232.8306E-12			276.8376E-2
130.3288E-1	-500.0239E-6	-232.0000E-2			500.0239E-6	-523.8689E-12			278.0306E-2
130.6203E-1	-500.0239E-6	-231.0000E-2			500.0239E-6	-582.0766E-13			279.2341E-2
130.9119E-1	-500.0241E-6	-230.0000E-2			500.0241E-6	174.6230E-12			280.4483E-2
131.2033E-1	-500.0240E-6	-229.0000E-2			500.0240E-6	-582.0766E-13			281.6729E-2
131.4948E-1	-500.0239E-6	-228.0000E-2			500.0239E-6	-116.4153E-12			282.9083E-2
131.7861E-1	-500.0241E-6	-227.0000E-2			500.0241E-6	232.8306E-12			284.1547E-2
132.0775E-1	-500.0242E-6	-226.0000E-2			500.0242E-6	582.0766E-13			285.4120E-2
132.3689E-1	-500.0242E-6	-225.0000E-2			500.0242E-6	000.0000E+0			286.6805E-2
132.6603E-1	-500.0243E-6	-224.0000E-2			500.0243E-6	116.4153E-12			287.9604E-2
132.9519E-1	-500.0235E-6	-223.0000E-2			500.0235E-6	-756.6996E-12			289.2513E-2
133.2433E-1	-500.0240E-6	-222.0000E-2			500.0240E-6	465.6613E-12			290.5545E-2
133.5348E-1	-500.0241E-6	-221.0000E-2			500.0241E-6	582.0766E-13			291.8692E-2
133.8262E-1	-500.0244E-6	-220.0000E-2			500.0244E-6	349.2460E-12			293.1961E-2
134.1177E-1	-500.0238E-6	-219.0000E-2			500.0238E-6	-582.0766E-12			294.5346E-2
134.4090E-1	-500.0242E-6	-218.0000E-2			500.0242E-6	407.4536E-12			295.8859E-2
134.7007E-1	-500.0238E-6	-217.0000E-2			500.0238E-6	-465.6613E-12			297.2491E-2
134.9923E-1	-500.0242E-6	-216.0000E-2			500.0242E-6	465.6613E-12			298.6256E-2
135.2836E-1	-500.0241E-6	-215.0000E-2			500.0241E-6	-174.6230E-12			300.0144E-2
135.5751E-1	-500.0239E-6	-214.0000E-2			500.0239E-6	-174.6230E-12			301.4163E-2
135.8666E-1	-500.0238E-6	-213.0000E-2			500.0238E-6	-582.0766E-13			302.8313E-2
136.1581E-1	-500.0238E-6	-212.0000E-2			500.0238E-6	-582.0766E-13			304.2598E-2
136.4493E-1	-500.0243E-6	-211.0000E-2			500.0243E-6	523.8689E-12			305.7021E-2
136.7407E-1	-500.0239E-6	-210.0000E-2			500.0239E-6	-407.4536E-12			307.1575E-2
137.0323E-1	-500.0242E-6	-209.0000E-2			500.0242E-6	291.0383E-12			308.6274E-2
137.3237E-1	-500.0242E-6	-208.0000E-2			500.0242E-6	000.0000E+0			310.1112E-2
137.6152E-1	-500.0234E-6	-207.0000E-2			500.0234E-6	-814.9073E-12			311.6088E-2
137.9066E-1	-500.0240E-6	-206.0000E-2			500.0240E-6	640.2843E-12			313.1218E-2
138.1981E-1	-500.0242E-6	-205.0000E-2			500.0242E-6	174.6230E-12			314.6494E-2
138.4895E-1	-500.0238E-6	-204.0000E-2			500.0238E-6	-349.2460E-12			316.1915E-2
138.7808E-1	-500.0238E-6	-203.0000E-2			500.0238E-6	000.0000E+0			317.7491E-2
139.0724E-1	-500.0242E-6	-202.0000E-2			500.0242E-6	407.4536E-12			319.3224E-2
139.3638E-1	-500.0242E-6	-201.0000E-2			500.0242E-6	-582.0766E-13			320.9110E-2
139.6552E-1	-500.0241E-6	-200.0000E-2			500.0241E-6	-582.0766E-13			322.5156E-2
139.9469E-1	-500.0239E-6	-199.0000E-2			500.0239E-6	-174.6230E-12			324.1361E-2
140.2383E-1	-500.0243E-6	-198.0000E-2			500.0243E-6	349.2460E-12			325.7734E-2
140.5297E-1	-500.0232E-6	-197.0000E-2			500.0232E-6	-110.5946E-11			327.4263E-2
140.8211E-1	-500.0241E-6	-196.0000E-2			500.0241E-6	873.1149E-12			329.0975E-2
141.1127E-1	-500.0239E-6	-195.0000E-2			500.0239E-6	-174.6230E-12			330.7850E-2
141.4043E-1	-500.0241E-6	-194.0000E-2			500.0241E-6	232.8306E-12			332.4903E-2
141.6957E-1	-500.0241E-6	-193.0000E-2			500.0241E-6	000.0000E+0			334.2130E-2
141.9872E-1	-500.0241E-6	-192.0000E-2			500.0241E-6	000.0000E+0			335.9537E-2
142.2785E-1	-500.0244E-6	-191.0000E-2			500.0244E-6	291.0383E-12			337.7128E-2
142.5700E-1	-500.0241E-6	-190.0000E-2			500.0241E-6	-349.2460E-12			339.4900E-2
142.8613E-1	-500.0246E-6	-189.0000E-2			500.0246E-6	523.8689E-12			341.2866E-2
143.1530E-1	-500.0238E-6	-188.0000E-2			500.0238E-6	-756.6996E-12			343.1015E-2
143.4446E-1	-500.0236E-6	-187.0000E-2			500.0236E-6	-232.8306E-12			344.9361E-2
143.7360E-1	-500.0242E-6	-186.0000E-2			500.0242E-6	582.0766E-12			346.7910E-2
144.0275E-1	-500.0243E-6	-185.0000E-2			500.0243E-6	116.4153E-12			348.6656E-2
144.3190E-1	-500.0240E-6	-184.0000E-2			500.0240E-6	-291.0383E-12			350.5603E-2
144.6106E-1	-500.0241E-6	-183.0000E-2			500.0241E-6	582.0766E-13			352.4760E-2
144.9019E-1	-500.0246E-6	-182.0000E-2			500.0246E-6	523.8689E-12			354.4130E-2
145.1933E-1	-500.0245E-6	-181.0000E-2			500.0245E-6	-116.4153E-12			356.3710E-2
145.4848E-1	-500.0243E-6	-180.0000E-2			500.0243E-6	-174.6230E-12			358.3508E-2
145.7762E-1	-500.0238E-6	-179.0000E-2			500.0238E-6	-523.8689E-12			360.3523E-2
146.0676E-1	-500.0240E-6	-178.0000E-2			500.0240E-6	232.8306E-12			362.3770E-2
146.3592E-1	-500.0242E-6	-177.0000E-2			500.0242E-6	174.6230E-12			364.4244E-2
146.6506E-1	-500.0242E-6	-176.0000E-2			500.0242E-6	582.0766E-13			366.4950E-2
146.9419E-1	-500.0239E-6	-175.0000E-2			500.0239E-6	-291.0383E-12			368.5891E-2
147.2332E-1	-500.0245E-6	-174.0000E-2			500.0245E-6	523.8689E-12			370.7078E-2
147.5248E-1	-500.0239E-6	-173.0000E-2			500.0239E-6	-582.0766E-12			372.8502E-2
147.8161E-1	-500.0245E-6	-172.0000E-2			500.0245E-6	640.2843E-12			375.0184E-2
148.1076E-1	-500.0240E-6	-171.0000E-2			500.0240E-6	-523.8689E-12			377.2111E-2
148.3991E-1	-500.0237E-6	-170.0000E-2			500.0237E-6	-349.2460E-12			379.4297E-2
148.6905E-1	-500.0240E-6	-169.0000E-2			500.0240E-6	349.2460E-12			381.6751E-2
148.9818E-1	-500.0238E-6	-168.0000E-2			500.0238E-6	-174.6230E-12			383.9469E-2
149.2732E-1	-500.0237E-6	-167.0000E-2			500.0237E-6	-174.6230E-12			386.2458E-2
149.5648E-1	-500.0245E-6	-166.0000E-2			500.0245E-6	814.9073E-12			388.5732E-2
149.8562E-1	-500.0231E-6	-165.0000E-2			500.0231E-6	-133.8776E-11			390.9272E-2
150.1476E-1	-500.0238E-6	-164.0000E-2			500.0238E-6	698.4919E-12			393.3114E-2
150.4392E-1	-500.0238E-6	-163.0000E-2			500.0238E-6	000.0000E+0			395.7244E-2
150.7307E-1	-500.0242E-6	-162.0000E-2			500.0242E-6	349.2460E-12			398.1674E-2
151.0221E-1	-500.0239E-6	-161.0000E-2			500.0239E-6	-232.8306E-12			400.6403E-2
151.3135E-1	-500.0239E-6	-160.0000E-2			500.0239E-6	-582.0766E-13			403.1443E-2
151.6051E-1	-500.0245E-6	-159.0000E-2			500.0245E-6	582.0766E-12			405.6802E-2
151.8967E-1	-500.0238E-6	-158.0000E-2			500.0238E-6	-698.4919E-12			408.2472E-2
152.1879E-1	-500.0245E-6	-157.0000E-2			500.0245E-6	698.4919E-12			410.8481E-2
152.4796E-1	-500.0223E-6	-156.0000E-2			500.0223E-6	-221.1891E-11			413.4800E-2
152.7709E-1	-500.0224E-6	-155.0000E-2			500.0224E-6	116.4153E-12			416.1477E-2
153.0625E-1	-500.0245E-6	-154.0000E-2			500.0245E-6	209.5476E-11			418.8517E-2
153.3538E-1	-500.0235E-6	-153.0000E-2			500.0235E-6	-989.5302E-12			421.5884E-2
153.6453E-1	-500.0232E-6	-152.0000E-2			500.0232E-6	-291.0383E-12			424.3618E-2
153.9368E-1	-500.0238E-6	-151.0000E-2			500.0238E-6	582.0766E-12			427.1726E-2
154.2283E-1	-500.0252E-6	-150.0000E-2			500.0252E-6	145.5192E-11			430.0217E-2
154.5197E-1	-500.0248E-6	-149.0000E-2			500.0248E-6	-407.4536E-12			432.9074E-2
154.8111E-1	-500.0217E-6	-148.0000E-2			500.0217E-6	-314.3214E-11			435.8297E-2
155.1027E-1	-500.0400E-6	-147.0000E-2			500.0400E-6	183.3541E-10			438.8106E-2
155.3941E-1	-500.0236E-6	-146.0000E-2			500.0236E-6	-164.1456E-10			441.8017E-2
155.6856E-1	-500.0238E-6	-145.0000E-2			500.0238E-6	174.6230E-12			444.8487E-2
155.9770E-1	-500.0239E-6	-144.0000E-2			500.0239E-6	174.6230E-12			447.9381E-2
156.2685E-1	-500.0242E-6	-143.0000E-2			500.0242E-6	232.8306E-12			451.0708E-2
156.5600E-1	-500.0242E-6	-142.0000E-2			500.0242E-6	000.0000E+0			454.2473E-2
156.8516E-1	-500.0239E-6	-141.0000E-2			500.0239E-6	-232.8306E-12			457.4687E-2
157.1430E-1	-500.0243E-6	-140.0000E-2			500.0243E-6	349.2460E-12			460.7367E-2
157.4343E-1	-500.0245E-6	-139.0000E-2			500.0245E-6	174.6230E-12			464.0515E-2
157.7257E-1	-500.0240E-6	-138.0000E-2			500.0240E-6	-465.6613E-12			467.4137E-2
158.0173E-1	-500.0238E-6	-137.0000E-2			500.0238E-6	-174.6230E-12			470.8254E-2
158.3086E-1	-500.0239E-6	-136.0000E-2			500.0239E-6	116.4153E-12			474.2874E-2
158.6001E-1	-500.0246E-6	-135.0000E-2			500.0246E-6	640.2843E-12			477.8013E-2
158.8916E-1	-500.0243E-6	-134.0000E-2			500.0243E-6	-291.0383E-12			481.3667E-2
159.1831E-1	-500.0243E-6	-133.0000E-2			500.0243E-6	000.0000E+0			484.9860E-2
159.4745E-1	-500.0241E-6	-132.0000E-2			500.0241E-6	-232.8306E-12			488.6599E-2
159.7658E-1	-500.0238E-6	-131.0000E-2			500.0238E-6	-232.8306E-12			492.3899E-2
160.0575E-1	-500.0245E-6	-130.0000E-2			500.0245E-6	698.4919E-12			496.1782E-2
160.3489E-1	-500.0240E-6	-129.0000E-2			500.0240E-6	-523.8689E-12			500.0240E-2
160.6402E-1	-500.0239E-6	-128.0000E-2			500.0239E-6	-582.0766E-13			503.9304E-2
160.9318E-1	-500.0239E-6	-127.0000E-2			500.0239E-6	000.0000E+0			507.8983E-2
161.2231E-1	-500.0245E-6	-126.0000E-2			500.0245E-6	582.0766E-12			511.9299E-2
161.5146E-1	-500.0239E-6	-125.0000E-2			500.0239E-6	-640.2843E-12			516.0247E-2
161.8060E-1	-500.0243E-6	-124.0000E-2			500.0243E-6	407.4536E-12			520.1866E-2
162.0976E-1	-500.0242E-6	-123.0000E-2			500.0242E-6	-582.0766E-13			524.4157E-2
162.3892E-1	-500.0241E-6	-122.0000E-2			500.0241E-6	-174.6230E-12			528.7140E-2
162.6806E-1	-500.0240E-6	-121.0000E-2			500.0240E-6	-582.0766E-13			533.0834E-2
162.9720E-1	-500.0244E-6	-120.0000E-2			500.0244E-6	407.4536E-12			537.5262E-2
163.2634E-1	-500.0240E-6	-119.0000E-2			500.0240E-6	-407.4536E-12			542.0428E-2
163.5549E-1	-500.0249E-6	-118.0000E-2			500.0249E-6	931.3226E-12			546.6375E-2
163.8463E-1	-500.0235E-6	-117.0000E-2			500.0235E-6	-139.6984E-11			551.3080E-2
164.1377E-1	-500.0238E-6	-116.0000E-2			500.0238E-6	291.0383E-12			556.0610E-2
164.4293E-1	-500.0232E-6	-115.0000E-2			500.0232E-6	-582.0766E-12			560.8957E-2
164.7208E-1	-500.0238E-6	-114.0000E-2			500.0238E-6	523.8689E-12			565.8164E-2
165.0123E-1	-500.0243E-6	-113.0000E-2			500.0243E-6	523.8689E-12			570.8242E-2
165.3036E-1	-500.0246E-6	-112.0000E-2			500.0246E-6	291.0383E-12			575.9212E-2
165.5953E-1	-500.0250E-6	-111.0000E-2			500.0250E-6	407.4536E-12			581.1101E-2
165.8866E-1	-500.0245E-6	-110.0000E-2			500.0245E-6	-523.8689E-12			586.3923E-2
166.1781E-1	-500.0243E-6	-109.0000E-2			500.0243E-6	-174.6230E-12			591.7719E-2
166.4696E-1	-500.0240E-6	-108.0000E-2			500.0240E-6	-291.0383E-12			597.2509E-2
166.7610E-1	-500.0245E-6	-107.0000E-2			500.0245E-6	465.6613E-12			602.8332E-2
167.0525E-1	-500.0248E-6	-106.0000E-2			500.0248E-6	349.2460E-12			608.5208E-2
167.3440E-1	-500.0242E-6	-105.0000E-2			500.0242E-6	-582.0766E-12			614.3155E-2
167.6356E-1	-500.0243E-6	-104.0000E-2			500.0243E-6	582.0766E-13			620.2225E-2
167.9268E-1	-500.0238E-6	-103.0000E-2			500.0238E-6	-465.6613E-12			626.2435E-2
168.2182E-1	-500.0235E-6	-102.0000E-2			500.0235E-6	-349.2460E-12			632.3827E-2
168.5098E-1	-500.0242E-6	-101.0000E-2			500.0242E-6	698.4919E-12			638.6448E-2
168.8011E-1	-500.0248E-6	-100.0000E-2			500.0248E-6	640.2843E-12			645.0320E-2
169.0926E-1	-500.0243E-6	-990.0000E-3			500.0243E-6	-523.8689E-12			651.5468E-2
169.3841E-1	-500.0239E-6	-980.0000E-3			500.0239E-6	-407.4536E-12			658.1947E-2
169.6755E-1	-500.0246E-6	-970.0000E-3			500.0246E-6	698.4919E-12			664.9811E-2
169.9670E-1	-500.0243E-6	-960.0000E-3			500.0243E-6	-291.0383E-12			671.9077E-2
170.2584E-1	-500.0238E-6	-950.0000E-3			500.0238E-6	-523.8689E-12			678.9797E-2
170.5500E-1	-500.0249E-6	-940.0000E-3			500.0249E-6	110.5946E-11			686.2044E-2
170.8415E-1	-500.0243E-6	-930.0000E-3			500.0243E-6	-582.0766E-12			693.5821E-2
171.1328E-1	-500.0241E-6	-920.0000E-3			500.0241E-6	-174.6230E-12			701.1208E-2
171.4243E-1	-500.0251E-6	-910.0000E-3			500.0251E-6	931.3226E-12			708.8267E-2
171.7157E-1	-500.0243E-6	-900.0000E-3			500.0243E-6	-756.6996E-12			716.7015E-2
172.0072E-1	-500.0245E-6	-890.0000E-3			500.0245E-6	174.6230E-12			724.7546E-2
172.2986E-1	-500.0245E-6	-880.0000E-3			500.0245E-6	000.0000E+0			732.9904E-2
172.5901E-1	-500.0238E-6	-870.0000E-3			500.0238E-6	-640.2843E-12			741.4146E-2
172.8817E-1	-500.0247E-6	-860.0000E-3			500.0247E-6	873.1149E-12			750.0370E-2
173.1730E-1	-500.0249E-6	-850.0000E-3			500.0249E-6	232.8306E-12			758.8614E-2
173.4645E-1	-500.0247E-6	-840.0000E-3			500.0247E-6	-232.8306E-12			767.8951E-2
173.7559E-1	-500.0242E-6	-830.0000E-3			500.0242E-6	-523.8689E-12			777.1460E-2
174.0475E-1	-500.0244E-6	-820.0000E-3			500.0244E-6	232.8306E-12			786.6238E-2
174.3388E-1	-500.0243E-6	-810.0000E-3			500.0243E-6	-116.4153E-12			796.3350E-2
174.6302E-1	-500.0252E-6	-800.0000E-3			500.0252E-6	873.1149E-12			806.2906E-2
174.9218E-1	-500.0245E-6	-790.0000E-3			500.0245E-6	-698.4919E-12			816.4956E-2
175.2134E-1	-500.0240E-6	-780.0000E-3			500.0240E-6	-465.6613E-12			826.9628E-2
175.5048E-1	-500.0247E-6	-770.0000E-3			500.0247E-6	698.4919E-12			837.7037E-2
175.7962E-1	-500.0242E-6	-760.0000E-3			500.0242E-6	-465.6613E-12			848.7254E-2
176.0878E-1	-500.0248E-6	-750.0000E-3			500.0248E-6	523.8689E-12			860.0426E-2
176.3790E-1	-500.0238E-6	-740.0000E-3			500.0238E-6	-931.3226E-12			871.6632E-2
176.6705E-1	-498.3783E-6	-730.0000E-3			498.3783E-6	-164.5531E-8			880.6959E-2
176.9608E-1	-484.0811E-6	-720.0000E-3			484.0811E-6	-142.9723E-7			867.3119E-2
177.2507E-1	-476.0763E-6	-710.0000E-3			476.0763E-6	-800.4776E-8			864.9837E-2
177.5410E-1	-464.7426E-6	-700.0000E-3			464.7426E-6	-113.3367E-7			856.4543E-2
177.8312E-1	-456.5076E-6	-690.0000E-3			456.5076E-6	-823.5045E-8			853.4707E-2
178.1213E-1	-449.0854E-6	-680.0000E-3			449.0854E-6	-742.2204E-8			851.9414E-2
178.4115E-1	-440.3561E-6	-670.0000E-3			440.3561E-6	-872.9228E-8			847.8499E-2
178.7018E-1	-430.7086E-6	-660.0000E-3			430.7086E-6	-964.7571E-8			841.8395E-2
178.9918E-1	-421.8073E-6	-650.0000E-3			421.8073E-6	-890.1261E-8			837.1253E-2
179.2820E-1	-414.5945E-6	-640.0000E-3			414.5945E-6	-721.2802E-8			835.6671E-2
179.5725E-1	-406.7969E-6	-630.0000E-3			406.7969E-6	-779.7615E-8			832.9651E-2
179.8626E-1	-400.0351E-6	-620.0000E-3			400.0351E-6	-676.1809E-8			832.3311E-2
180.1525E-1	-390.9146E-6	-610.0000E-3			390.9146E-6	-912.0471E-8			826.6883E-2
180.4428E-1	-383.2046E-6	-600.0000E-3			383.2046E-6	-770.9983E-8			823.8899E-2
180.7330E-1	-374.1490E-6	-590.0000E-3			374.1490E-6	-905.5657E-8			818.0546E-2
181.0233E-1	-367.5129E-6	-580.0000E-3			367.5129E-6	-663.6110E-8			817.3993E-2
181.3135E-1	-359.2710E-6	-570.0000E-3			359.2710E-6	-824.1914E-8			813.0869E-2
181.6035E-1	-352.8177E-6	-560.0000E-3			352.8177E-6	-645.3251E-8			812.7408E-2
181.8935E-1	-343.5292E-6	-550.0000E-3			343.5292E-6	-928.8458E-8			805.7322E-2
182.1837E-1	-335.7989E-6	-540.0000E-3			335.7989E-6	-773.0356E-8			802.1862E-2
182.4740E-1	-328.3877E-6	-530.0000E-3			328.3877E-6	-741.1203E-8			799.2833E-2
182.7642E-1	-320.1034E-6	-520.0000E-3			320.1034E-6	-828.4318E-8			794.1026E-2
183.0543E-1	-312.8008E-6	-510.0000E-3			312.8008E-6	-730.2617E-8			791.2019E-2
183.3444E-1	-305.4000E-6	-500.0000E-3			305.4000E-6	-740.0726E-8			787.9321E-2
183.6346E-1	-298.9286E-6	-490.0000E-3			298.9286E-6	-647.1411E-8			786.9753E-2
183.9248E-1	-291.8967E-6	-480.0000E-3			291.8967E-6	-703.1951E-8			784.4723E-2
184.2151E-1	-283.8929E-6	-470.0000E-3			283.8929E-6	-800.3786E-8			779.1953E-2
184.5053E-1	-276.4995E-6	-460.0000E-3			276.4995E-6	-739.3362E-8			775.4008E-2
184.7953E-1	-269.3480E-6	-450.0000E-3			269.3480E-6	-715.1481E-8			772.1311E-2
185.0855E-1	-262.1421E-6	-440.0000E-3			262.1421E-6	-720.5905E-8			768.5531E-2
185.3758E-1	-255.0044E-6	-430.0000E-3			255.0044E-6	-713.7685E-8			765.0133E-2
185.6657E-1	-249.2229E-6	-420.0000E-3			249.2229E-6	-578.1592E-8			765.4702E-2
185.9559E-1	-242.5718E-6	-410.0000E-3			242.5718E-6	-665.1098E-8			763.2136E-2
186.2460E-1	-234.9142E-6	-400.0000E-3			234.9142E-6	-765.7523E-8			757.5984E-2
186.5362E-1	-228.6432E-6	-390.0000E-3			228.6432E-6	-627.0988E-8			756.2815E-2
186.8263E-1	-221.8253E-6	-380.0000E-3			221.8253E-6	-681.7907E-8			753.0386E-2
187.1166E-1	-215.2031E-6	-370.0000E-3			215.2031E-6	-662.2271E-8			750.3026E-2
187.4068E-1	-208.7424E-6	-360.0000E-3			208.7424E-6	-646.0672E-8			747.9935E-2
187.6970E-1	-202.2272E-6	-350.0000E-3			202.2272E-6	-651.5169E-8			745.3518E-2
187.9872E-1	-195.6963E-6	-340.0000E-3			195.6963E-6	-653.0958E-8			742.4946E-2
188.2772E-1	-188.8734E-6	-330.0000E-3			188.8734E-6	-682.2869E-8			738.3232E-2
188.5676E-1	-182.4270E-6	-320.0000E-3			182.4270E-6	-644.6426E-8			735.4087E-2
188.8576E-1	-175.8731E-6	-310.0000E-3			175.8731E-6	-655.3862E-8			731.8591E-2
189.1478E-1	-169.5299E-6	-300.0000E-3			169.5299E-6	-634.3224E-8			728.9785E-2
189.4381E-1	-163.2894E-6	-290.0000E-3			163.2894E-6	-624.0531E-8			726.3561E-2
189.7282E-1	-157.0005E-6	-280.0000E-3			157.0005E-6	-628.8843E-8			723.3238E-2
190.0184E-1	-150.8110E-6	-270.0000E-3			150.8110E-6	-618.9468E-8			720.5416E-2
190.3088E-1	-144.7357E-6	-260.0000E-3			144.7357E-6	-607.5308E-8			718.1119E-2
190.5988E-1	-138.5571E-6	-250.0000E-3			138.5571E-6	-617.8598E-8			714.9548E-2
190.8890E-1	-132.4879E-6	-240.0000E-3			132.4879E-6	-606.9211E-8			712.1226E-2
191.1790E-1	-126.4766E-6	-230.0000E-3			126.4766E-6	-601.1367E-8			709.3685E-2
191.4692E-1	-120.7460E-6	-220.0000E-3			120.7460E-6	-573.0581E-8			708.0105E-2
191.7595E-1	-114.7956E-6	-210.0000E-3			114.7956E-6	-595.0416E-8			705.1728E-2
192.0498E-1	-108.9703E-6	-200.0000E-3			108.9703E-6	-582.5241E-8			702.8586E-2
192.3399E-1	-103.1572E-6	-190.0000E-3			103.1572E-6	-581.3090E-8			700.3833E-2
192.6301E-1	-973.4822E-7	-180.0000E-3			973.4822E-7	-580.9008E-8			697.6622E-2
192.9205E-1	-916.1772E-7	-170.0000E-3			916.1772E-7	-573.0501E-8			695.2168E-2
193.2105E-1	-859.2550E-7	-160.0000E-3			859.2550E-7	-569.2222E-8			692.7744E-2
193.5006E-1	-803.2091E-7	-150.0000E-3			803.2091E-7	-560.4590E-8			690.7598E-2
193.7908E-1	-747.2676E-7	-140.0000E-3			747.2676E-7	-559.4149E-8			688.5537E-2
194.0809E-1	-691.6332E-7	-130.0000E-3			691.6332E-7	-556.3445E-8			686.3129E-2
194.3711E-1	-636.2945E-7	-120.0000E-3			636.2945E-7	-553.3868E-8			684.0166E-2
194.6614E-1	-581.9424E-7	-110.0000E-3			581.9424E-7	-543.5213E-8			682.4597E-2
194.9516E-1	-527.3092E-7	-100.0000E-3			527.3092E-7	-546.3313E-8			680.2289E-2
195.2417E-1	-473.6875E-7	-900.0000E-4			473.6875E-7	-536.2173E-8			678.9521E-2
195.5317E-1	-420.1516E-7	-800.0000E-4			420.1516E-7	-535.3595E-8			677.4944E-2
197.4703E-1	-366.1224E-7	-700.0000E-4			366.1224E-7	-540.2915E-8			674.7113E-2
197.7604E-1	-319.5003E-7	-600.0000E-4			319.5003E-7	-466.2208E-8			686.9257E-2
198.0506E-1	-268.1419E-7	-500.0000E-4			268.1419E-7	-513.5846E-8			691.8060E-2
198.3410E-1	-216.9885E-7	-400.0000E-4			216.9885E-7	-511.5333E-8			699.7880E-2
198.6312E-1	-165.2529E-7	-300.0000E-4			165.2529E-7	-517.3566E-8			710.5874E-2
198.9214E-1	-113.3626E-7	-200.0000E-4			113.3626E-7	-518.9031E-8			731.1886E-2
199.2116E-1	-615.9841E-8	-100.0000E-4			615.9841E-8	-517.6416E-8			794.6195E-2
201.2573E-1	-691.4512E-9	000.0000E+0			691.4512E-9	-546.8390E-8			#REF
